-10000
-9999
-9997
-9996
-9994
-9993
-9993
-9991
-9991
-9990
-9989
-9988
-9987
-9986
-9985
-9984
-9982
-9982
-9980
-9972
-9969
-9968
-9966
-9965
-9964
-9961
-9961
-9960
-9959
-9951
-9950
-9946
-9945
-9943
-9942
-9935
-9933
-9933
-9932
-9930
-9926
-9924
-9922
-9919
-9918
-9917
-9911
-9911
-9911
-9902
-9902
-9898
-9896
-9896
-9896
-9896
-9895
-9894
-9894
-9894
-9892
-9892
-9892
-9891
-9885
-9884
-9881
-9881
-9877
-9874
-9874
-9873
-9870
-9870
-9868
-9867
-9866
-9865
-9864
-9863
-9858
-9856
-9855
-9855
-9853
-9851
-9847
-9847
-9844
-9841
-9839
-9837
-9821
-9821
-9819
-9819
-9811
-9808
-9807
-9804
-9804
-9801
-9798
-9798
-9797
-9797
-9793
-9789
-9787
-9787
-9786
-9785
-9784
-9783
-9777
-9776
-9774
-9774
-9771
-9771
-9767
-9766
-9763
-9762
-9760
-9751
-9748
-9746
-9745
-9743
-9743
-9741
-9739
-9739
-9739
-9738
-9735
-9734
-9734
-9733
-9726
-9725
-9724
-9723
-9719
-9718
-9718
-9715
-9713
-9712
-9711
-9704
-9703
-9702
-9702
-9701
-9701
-9700
-9697
-9692
-9690
-9690
-9689
-9686
-9686
-9683
-9679
-9679
-9677
-9676
-9675
-9673
-9672
-9671
-9668
-9668
-9664
-9661
-9656
-9652
-9651
-9648
-9646
-9645
-9642
-9642
-9642
-9639
-9635
-9633
-9633
-9632
-9631
-9630
-9627
-9627
-9626
-9620
-9617
-9615
-9613
-9612
-9611
-9603
-9602
-9602
-9602
-9600
-9599
-9597
-9596
-9596
-9594
-9587
-9585
-9582
-9579
-9577
-9576
-9575
-9575
-9564
-9564
-9563
-9561
-9559
-9555
-9550
-9549
-9547
-9547
-9546
-9546
-9542
-9539
-9539
-9538
-9536
-9536
-9535
-9535
-9533
-9531
-9529
-9527
-9527
-9524
-9517
-9513
-9511
-9510
-9509
-9508
-9508
-9503
-9501
-9501
-9500
-9499
-9498
-9496
-9493
-9493
-9491
-9491
-9490
-9489
-9486
-9485
-9476
-9467
-9466
-9463
-9462
-9461
-9461
-9461
-9457
-9457
-9456
-9455
-9454
-9454
-9453
-9450
-9448
-9448
-9444
-9442
-9441
-9439
-9438
-9437
-9436
-9435
-9434
-9433
-9432
-9430
-9430
-9429
-9425
-9425
-9423
-9418
-9417
-9416
-9412
-9412
-9410
-9407
-9402
-9395
-9392
-9391
-9389
-9381
-9379
-9375
-9372
-9370
-9369
-9368
-9366
-9364
-9363
-9363
-9362
-9359
-9355
-9350
-9350
-9349
-9349
-9341
-9337
-9335
-9331
-9330
-9329
-9327
-9327
-9324
-9322
-9321
-9318
-9318
-9318
-9312
-9312
-9312
-9309
-9304
-9302
-9302
-9298
-9297
-9295
-9294
-9292
-9285
-9284
-9284
-9279
-9277
-9276
-9275
-9274
-9270
-9269
-9266
-9264
-9258
-9257
-9256
-9252
-9250
-9249
-9249
-9242
-9241
-9239
-9236
-9233
-9228
-9225
-9224
-9222
-9220
-9220
-9216
-9215
-9214
-9210
-9210
-9209
-9208
-9208
-9208
-9198
-9197
-9196
-9194
-9194
-9191
-9188
-9185
-9178
-9177
-9175
-9174
-9172
-9171
-9169
-9168
-9166
-9166
-9164
-9163
-9160
-9157
-9156
-9155
-9152
-9152
-9149
-9146
-9146
-9143
-9140
-9137
-9137
-9136
-9132
-9132
-9128
-9128
-9125
-9124
-9122
-9116
-9108
-9108
-9107
-9105
-9105
-9102
-9101
-9101
-9094
-9092
-9084
-9084
-9083
-9079
-9071
-9066
-9062
-9061
-9060
-9060
-9060
-9055
-9054
-9051
-9050
-9049
-9047
-9045
-9042
-9041
-9039
-9038
-9035
-9035
-9034
-9033
-9032
-9031
-9028
-9026
-9025
-9024
-9023
-9023
-9022
-9017
-9013
-9011
-9009
-9001
-8996
-8987
-8986
-8985
-8984
-8984
-8984
-8984
-8984
-8983
-8975
-8974
-8972
-8970
-8970
-8970
-8969
-8968
-8965
-8962
-8960
-8957
-8956
-8956
-8954
-8954
-8950
-8949
-8946
-8946
-8945
-8945
-8944
-8944
-8943
-8940
-8939
-8937
-8935
-8934
-8932
-8932
-8930
-8928
-8927
-8926
-8917
-8916
-8914
-8912
-8911
-8909
-8906
-8905
-8904
-8904
-8897
-8895
-8889
-8889
-8884
-8879
-8877
-8876
-8874
-8872
-8870
-8867
-8865
-8863
-8862
-8860
-8858
-8852
-8850
-8844
-8844
-8843
-8837
-8836
-8834
-8829
-8828
-8827
-8827
-8826
-8825
-8822
-8821
-8819
-8819
-8819
-8815
-8815
-8807
-8798
-8798
-8797
-8796
-8793
-8792
-8791
-8790
-8789
-8786
-8783
-8783
-8770
-8769
-8766
-8766
-8765
-8763
-8762
-8760
-8759
-8757
-8756
-8754
-8753
-8749
-8746
-8745
-8745
-8743
-8743
-8742
-8739
-8735
-8734
-8734
-8733
-8730
-8727
-8727
-8726
-8725
-8725
-8724
-8721
-8718
-8717
-8717
-8716
-8711
-8708
-8708
-8708
-8706
-8704
-8702
-8700
-8696
-8694
-8694
-8693
-8692
-8680
-8678
-8677
-8675
-8675
-8673
-8671
-8668
-8668
-8667
-8666
-8666
-8663
-8656
-8655
-8653
-8645
-8643
-8643
-8643
-8642
-8642
-8641
-8640
-8637
-8633
-8631
-8631
-8630
-8625
-8624
-8624
-8623
-8620
-8619
-8619
-8618
-8618
-8618
-8617
-8615
-8613
-8613
-8609
-8607
-8605
-8604
-8604
-8602
-8602
-8601
-8600
-8599
-8596
-8589
-8589
-8588
-8588
-8587
-8587
-8583
-8582
-8580
-8580
-8576
-8573
-8570
-8568
-8564
-8563
-8561
-8561
-8561
-8557
-8556
-8549
-8544
-8542
-8542
-8539
-8534
-8533
-8531
-8528
-8527
-8523
-8523
-8523
-8521
-8521
-8519
-8518
-8518
-8518
-8518
-8517
-8517
-8514
-8508
-8507
-8507
-8506
-8506
-8505
-8504
-8498
-8498
-8498
-8493
-8492
-8492
-8488
-8486
-8486
-8484
-8484
-8482
-8481
-8481
-8476
-8474
-8474
-8473
-8471
-8470
-8470
-8468
-8466
-8463
-8462
-8461
-8459
-8457
-8453
-8449
-8447
-8445
-8444
-8443
-8440
-8438
-8437
-8434
-8434
-8432
-8430
-8430
-8428
-8428
-8427
-8426
-8426
-8423
-8423
-8419
-8417
-8416
-8416
-8414
-8413
-8412
-8411
-8410
-8402
-8401
-8399
-8398
-8397
-8395
-8394
-8394
-8393
-8391
-8389
-8385
-8385
-8382
-8378
-8378
-8367
-8366
-8364
-8364
-8361
-8360
-8359
-8358
-8358
-8358
-8357
-8357
-8354
-8354
-8352
-8343
-8335
-8331
-8331
-8330
-8330
-8329
-8328
-8319
-8317
-8313
-8308
-8308
-8305
-8305
-8304
-8300
-8298
-8298
-8295
-8293
-8291
-8289
-8289
-8286
-8285
-8283
-8277
-8277
-8277
-8273
-8267
-8266
-8264
-8263
-8261
-8255
-8253
-8252
-8251
-8249
-8246
-8243
-8242
-8242
-8242
-8242
-8241
-8237
-8235
-8234
-8233
-8231
-8231
-8231
-8230
-8228
-8228
-8225
-8225
-8224
-8223
-8222
-8221
-8220
-8219
-8219
-8215
-8213
-8212
-8209
-8209
-8201
-8196
-8194
-8192
-8191
-8190
-8189
-8188
-8186
-8185
-8181
-8180
-8179
-8177
-8174
-8172
-8171
-8169
-8167
-8166
-8166
-8166
-8163
-8162
-8161
-8160
-8158
-8155
-8154
-8153
-8148
-8145
-8144
-8144
-8143
-8137
-8137
-8136
-8134
-8134
-8134
-8133
-8131
-8131
-8131
-8130
-8130
-8127
-8117
-8116
-8112
-8109
-8109
-8107
-8103
-8101
-8100
-8100
-8099
-8093
-8090
-8089
-8087
-8087
-8085
-8083
-8082
-8082
-8079
-8072
-8069
-8063
-8062
-8057
-8053
-8049
-8048
-8048
-8046
-8039
-8039
-8038
-8036
-8025
-8025
-8025
-8024
-8015
-8012
-8012
-8011
-8009
-8009
-8007
-8004
-8004
-8002
-7996
-7994
-7994
-7988
-7988
-7987
-7986
-7986
-7984
-7984
-7983
-7983
-7980
-7980
-7974
-7973
-7968
-7966
-7965
-7962
-7962
-7959
-7953
-7952
-7950
-7946
-7946
-7942
-7941
-7939
-7939
-7939
-7938
-7937
-7936
-7932
-7928
-7927
-7918
-7917
-7916
-7913
-7911
-7910
-7908
-7908
-7906
-7905
-7904
-7901
-7897
-7897
-7893
-7890
-7888
-7888
-7888
-7886
-7883
-7881
-7879
-7876
-7875
-7874
-7872
-7872
-7869
-7869
-7868
-7867
-7866
-7865
-7862
-7862
-7861
-7861
-7859
-7855
-7850
-7850
-7850
-7849
-7847
-7846
-7845
-7844
-7843
-7837
-7836
-7836
-7833
-7833
-7831
-7826
-7825
-7821
-7819
-7815
-7815
-7814
-7814
-7814
-7814
-7813
-7811
-7809
-7806
-7803
-7795
-7792
-7792
-7791
-7790
-7789
-7784
-7784
-7781
-7774
-7771
-7769
-7769
-7768
-7766
-7765
-7764
-7763
-7762
-7759
-7757
-7749
-7748
-7743
-7742
-7739
-7738
-7736
-7734
-7730
-7730
-7728
-7723
-7723
-7722
-7719
-7719
-7719
-7717
-7717
-7714
-7712
-7707
-7706
-7705
-7704
-7695
-7695
-7694
-7692
-7688
-7687
-7682
-7681
-7681
-7680
-7679
-7678
-7678
-7678
-7677
-7677
-7675
-7674
-7674
-7672
-7671
-7670
-7668
-7668
-7668
-7667
-7664
-7662
-7660
-7658
-7654
-7652
-7647
-7645
-7640
-7639
-7639
-7638
-7637
-7632
-7631
-7629
-7623
-7623
-7622
-7621
-7620
-7616
-7615
-7615
-7614
-7613
-7611
-7611
-7609
-7606
-7605
-7605
-7605
-7602
-7601
-7599
-7598
-7598
-7598
-7597
-7596
-7593
-7592
-7587
-7587
-7586
-7579
-7579
-7578
-7576
-7575
-7575
-7573
-7570
-7570
-7569
-7563
-7561
-7561
-7560
-7560
-7559
-7559
-7558
-7558
-7556
-7552
-7551
-7549
-7547
-7546
-7543
-7542
-7540
-7537
-7535
-7535
-7534
-7532
-7531
-7531
-7530
-7530
-7529
-7529
-7529
-7528
-7523
-7520
-7515
-7515
-7513
-7512
-7512
-7511
-7509
-7509
-7506
-7503
-7501
-7498
-7497
-7496
-7493
-7491
-7489
-7487
-7486
-7482
-7481
-7481
-7478
-7476
-7475
-7465
-7464
-7460
-7459
-7458
-7451
-7451
-7450
-7450
-7449
-7449
-7449
-7435
-7434
-7433
-7431
-7427
-7424
-7423
-7422
-7421
-7418
-7418
-7417
-7411
-7410
-7408
-7406
-7404
-7399
-7399
-7391
-7387
-7385
-7381
-7381
-7379
-7376
-7376
-7375
-7369
-7367
-7366
-7366
-7358
-7356
-7353
-7353
-7349
-7349
-7346
-7346
-7344
-7343
-7339
-7332
-7331
-7330
-7328
-7325
-7325
-7319
-7313
-7312
-7307
-7300
-7297
-7294
-7294
-7293
-7287
-7287
-7284
-7281
-7280
-7280
-7278
-7274
-7267
-7266
-7264
-7264
-7261
-7255
-7249
-7247
-7246
-7245
-7241
-7239
-7238
-7238
-7237
-7236
-7235
-7231
-7230
-7229
-7229
-7225
-7225
-7215
-7215
-7213
-7212
-7208
-7208
-7205
-7205
-7199
-7199
-7197
-7196
-7191
-7185
-7183
-7181
-7181
-7180
-7179
-7179
-7178
-7176
-7175
-7175
-7174
-7173
-7171
-7169
-7167
-7166
-7163
-7162
-7159
-7159
-7158
-7156
-7156
-7155
-7155
-7155
-7153
-7152
-7150
-7148
-7146
-7145
-7145
-7145
-7135
-7134
-7131
-7130
-7130
-7130
-7126
-7126
-7125
-7124
-7124
-7122
-7121
-7120
-7108
-7104
-7103
-7102
-7099
-7099
-7099
-7098
-7096
-7094
-7094
-7091
-7088
-7088
-7087
-7087
-7086
-7085
-7084
-7074
-7074
-7072
-7070
-7066
-7064
-7061
-7060
-7056
-7055
-7050
-7047
-7044
-7043
-7042
-7037
-7036
-7028
-7026
-7023
-7022
-7018
-7015
-7015
-7013
-7013
-7013
-7012
-7009
-7007
-7003
-7002
-6998
-6998
-6997
-6996
-6996
-6995
-6991
-6989
-6987
-6983
-6982
-6981
-6977
-6977
-6977
-6973
-6972
-6972
-6971
-6966
-6961
-6960
-6960
-6960
-6956
-6954
-6953
-6952
-6951
-6946
-6944
-6944
-6940
-6938
-6935
-6934
-6933
-6931
-6929
-6927
-6923
-6920
-6919
-6918
-6918
-6918
-6912
-6908
-6902
-6900
-6899
-6899
-6899
-6899
-6897
-6896
-6892
-6892
-6889
-6888
-6888
-6887
-6886
-6883
-6883
-6879
-6878
-6873
-6868
-6865
-6864
-6864
-6863
-6862
-6860
-6857
-6852
-6850
-6848
-6848
-6847
-6846
-6842
-6841
-6835
-6834
-6830
-6829
-6827
-6826
-6826
-6812
-6809
-6803
-6797
-6795
-6795
-6794
-6794
-6792
-6790
-6786
-6781
-6781
-6780
-6779
-6779
-6778
-6776
-6771
-6769
-6769
-6769
-6767
-6766
-6765
-6764
-6764
-6763
-6763
-6761
-6750
-6748
-6748
-6747
-6746
-6743
-6740
-6735
-6734
-6734
-6733
-6732
-6731
-6727
-6727
-6722
-6720
-6719
-6719
-6719
-6717
-6717
-6716
-6712
-6708
-6705
-6704
-6704
-6702
-6697
-6694
-6693
-6691
-6687
-6685
-6684
-6682
-6681
-6678
-6677
-6676
-6673
-6672
-6672
-6666
-6664
-6664
-6663
-6663
-6658
-6658
-6657
-6656
-6650
-6648
-6648
-6648
-6644
-6644
-6642
-6639
-6633
-6631
-6630
-6630
-6627
-6625
-6617
-6615
-6615
-6613
-6613
-6612
-6612
-6611
-6610
-6609
-6605
-6605
-6605
-6603
-6603
-6602
-6597
-6592
-6591
-6589
-6588
-6586
-6586
-6585
-6579
-6578
-6576
-6573
-6570
-6570
-6570
-6568
-6562
-6561
-6557
-6553
-6553
-6550
-6546
-6545
-6544
-6544
-6541
-6540
-6540
-6540
-6534
-6533
-6531
-6531
-6529
-6524
-6522
-6521
-6520
-6519
-6518
-6518
-6517
-6512
-6509
-6507
-6507
-6506
-6504
-6503
-6498
-6495
-6494
-6492
-6485
-6483
-6483
-6478
-6476
-6471
-6469
-6467
-6461
-6449
-6447
-6437
-6436
-6433
-6430
-6422
-6421
-6421
-6418
-6417
-6417
-6417
-6417
-6413
-6413
-6411
-6410
-6409
-6408
-6407
-6402
-6399
-6399
-6399
-6398
-6396
-6396
-6395
-6394
-6392
-6390
-6390
-6390
-6389
-6387
-6385
-6382
-6381
-6379
-6378
-6377
-6374
-6372
-6372
-6371
-6369
-6369
-6368
-6367
-6366
-6364
-6361
-6360
-6360
-6351
-6351
-6350
-6350
-6345
-6344
-6344
-6341
-6339
-6338
-6335
-6330
-6329
-6329
-6328
-6323
-6319
-6315
-6310
-6308
-6306
-6305
-6305
-6304
-6304
-6301
-6296
-6295
-6293
-6292
-6292
-6291
-6283
-6282
-6282
-6281
-6280
-6279
-6278
-6278
-6275
-6274
-6273
-6270
-6266
-6266
-6266
-6262
-6261
-6260
-6259
-6256
-6253
-6247
-6244
-6244
-6242
-6240
-6239
-6238
-6236
-6236
-6234
-6233
-6233
-6233
-6231
-6231
-6230
-6229
-6225
-6222
-6221
-6220
-6219
-6219
-6219
-6217
-6217
-6215
-6212
-6210
-6207
-6207
-6203
-6203
-6201
-6197
-6195
-6194
-6191
-6191
-6187
-6187
-6186
-6184
-6178
-6176
-6174
-6171
-6170
-6167
-6166
-6160
-6159
-6153
-6150
-6150
-6150
-6150
-6144
-6141
-6138
-6134
-6132
-6132
-6132
-6130
-6129
-6127
-6124
-6121
-6121
-6115
-6115
-6114
-6112
-6111
-6110
-6110
-6109
-6105
-6102
-6101
-6100
-6100
-6099
-6097
-6095
-6093
-6092
-6085
-6083
-6083
-6079
-6077
-6076
-6072
-6071
-6071
-6068
-6065
-6065
-6065
-6058
-6058
-6056
-6056
-6056
-6052
-6051
-6051
-6039
-6039
-6037
-6037
-6036
-6035
-6031
-6023
-6019
-6019
-6017
-6017
-6009
-6008
-6006
-6005
-6002
-6002
-6001
-5998
-5996
-5993
-5990
-5986
-5985
-5983
-5980
-5976
-5972
-5971
-5971
-5967
-5966
-5965
-5964
-5964
-5959
-5959
-5956
-5956
-5953
-5949
-5945
-5938
-5936
-5932
-5931
-5931
-5929
-5926
-5922
-5922
-5912
-5908
-5906
-5901
-5900
-5898
-5897
-5894
-5893
-5893
-5892
-5888
-5887
-5885
-5883
-5883
-5878
-5877
-5876
-5876
-5876
-5874
-5874
-5873
-5873
-5873
-5868
-5867
-5866
-5866
-5865
-5865
-5863
-5863
-5862
-5862
-5861
-5861
-5856
-5854
-5853
-5850
-5850
-5847
-5843
-5843
-5839
-5839
-5839
-5838
-5838
-5832
-5831
-5827
-5824
-5824
-5822
-5821
-5819
-5818
-5815
-5815
-5814
-5812
-5811
-5810
-5810
-5810
-5809
-5808
-5807
-5803
-5802
-5801
-5801
-5797
-5797
-5796
-5793
-5790
-5787
-5785
-5777
-5775
-5774
-5771
-5771
-5768
-5768
-5764
-5759
-5757
-5757
-5756
-5751
-5749
-5748
-5746
-5746
-5744
-5743
-5742
-5738
-5738
-5736
-5735
-5733
-5732
-5726
-5725
-5725
-5724
-5718
-5717
-5717
-5715
-5708
-5704
-5702
-5701
-5698
-5697
-5693
-5691
-5690
-5689
-5686
-5681
-5681
-5681
-5680
-5679
-5676
-5676
-5675
-5670
-5666
-5663
-5662
-5658
-5657
-5657
-5656
-5654
-5653
-5652
-5649
-5642
-5642
-5640
-5640
-5637
-5636
-5635
-5634
-5629
-5625
-5624
-5623
-5622
-5618
-5618
-5616
-5615
-5610
-5607
-5604
-5603
-5600
-5600
-5598
-5596
-5587
-5586
-5585
-5583
-5578
-5574
-5573
-5573
-5570
-5568
-5566
-5566
-5558
-5557
-5553
-5550
-5546
-5545
-5542
-5542
-5542
-5541
-5541
-5540
-5538
-5537
-5537
-5536
-5530
-5529
-5528
-5527
-5520
-5520
-5520
-5519
-5518
-5518
-5516
-5511
-5505
-5502
-5497
-5496
-5496
-5493
-5492
-5486
-5483
-5482
-5479
-5476
-5472
-5465
-5456
-5452
-5450
-5449
-5446
-5443
-5442
-5441
-5438
-5438
-5437
-5432
-5431
-5429
-5429
-5426
-5425
-5424
-5423
-5422
-5420
-5419
-5419
-5418
-5413
-5412
-5408
-5402
-5399
-5399
-5396
-5395
-5394
-5392
-5391
-5390
-5386
-5386
-5385
-5381
-5376
-5374
-5371
-5369
-5369
-5367
-5367
-5361
-5361
-5358
-5356
-5354
-5353
-5349
-5343
-5343
-5343
-5341
-5340
-5337
-5337
-5335
-5329
-5328
-5328
-5321
-5319
-5315
-5315
-5313
-5312
-5307
-5304
-5303
-5301
-5297
-5292
-5291
-5290
-5289
-5287
-5286
-5283
-5283
-5282
-5281
-5278
-5278
-5272
-5271
-5270
-5269
-5265
-5262
-5262
-5261
-5255
-5255
-5255
-5254
-5254
-5252
-5251
-5251
-5250
-5247
-5246
-5241
-5240
-5239
-5239
-5238
-5234
-5232
-5232
-5231
-5231
-5230
-5227
-5224
-5213
-5213
-5213
-5211
-5208
-5208
-5208
-5206
-5202
-5199
-5198
-5196
-5189
-5186
-5186
-5184
-5182
-5179
-5177
-5174
-5173
-5172
-5169
-5168
-5164
-5163
-5160
-5159
-5157
-5154
-5150
-5148
-5147
-5145
-5143
-5140
-5137
-5137
-5136
-5135
-5135
-5135
-5134
-5134
-5134
-5130
-5129
-5127
-5127
-5117
-5116
-5115
-5114
-5113
-5113
-5110
-5110
-5108
-5100
-5099
-5098
-5098
-5097
-5094
-5090
-5088
-5085
-5081
-5079
-5079
-5076
-5074
-5074
-5072
-5070
-5069
-5069
-5069
-5063
-5056
-5054
-5054
-5052
-5051
-5048
-5047
-5043
-5042
-5040
-5039
-5038
-5038
-5036
-5035
-5034
-5033
-5033
-5032
-5031
-5031
-5029
-5028
-5025
-5023
-5020
-5018
-5018
-5017
-5017
-5014
-5009
-5008
-5007
-5006
-5003
-5001
-5000
-4996
-4996
-4990
-4989
-4989
-4987
-4987
-4986
-4984
-4983
-4983
-4981
-4980
-4980
-4978
-4972
-4970
-4970
-4969
-4964
-4957
-4957
-4957
-4955
-4952
-4948
-4948
-4946
-4945
-4942
-4940
-4940
-4939
-4939
-4937
-4936
-4935
-4931
-4928
-4922
-4921
-4917
-4913
-4913
-4912
-4912
-4911
-4910
-4907
-4906
-4902
-4901
-4897
-4897
-4896
-4896
-4893
-4892
-4890
-4880
-4876
-4868
-4868
-4866
-4865
-4864
-4861
-4858
-4858
-4856
-4855
-4855
-4852
-4852
-4851
-4850
-4850
-4850
-4849
-4846
-4846
-4835
-4832
-4831
-4825
-4824
-4824
-4822
-4818
-4818
-4817
-4816
-4816
-4815
-4812
-4810
-4810
-4810
-4808
-4797
-4797
-4795
-4794
-4792
-4790
-4789
-4789
-4781
-4780
-4780
-4778
-4778
-4777
-4773
-4772
-4772
-4768
-4759
-4757
-4756
-4755
-4755
-4754
-4754
-4753
-4752
-4746
-4740
-4739
-4739
-4738
-4732
-4731
-4730
-4730
-4726
-4725
-4723
-4722
-4722
-4719
-4715
-4715
-4712
-4710
-4706
-4704
-4701
-4691
-4691
-4690
-4686
-4682
-4682
-4678
-4678
-4678
-4675
-4675
-4669
-4667
-4664
-4662
-4661
-4658
-4655
-4653
-4652
-4650
-4649
-4646
-4645
-4644
-4642
-4642
-4641
-4641
-4637
-4635
-4631
-4630
-4630
-4625
-4625
-4622
-4622
-4622
-4619
-4619
-4618
-4618
-4616
-4614
-4612
-4610
-4606
-4603
-4600
-4598
-4598
-4596
-4590
-4589
-4585
-4583
-4580
-4576
-4575
-4575
-4574
-4572
-4572
-4571
-4570
-4567
-4565
-4563
-4559
-4558
-4557
-4556
-4555
-4554
-4553
-4551
-4551
-4550
-4549
-4547
-4545
-4545
-4544
-4543
-4541
-4540
-4538
-4538
-4537
-4536
-4532
-4532
-4532
-4531
-4528
-4523
-4520
-4518
-4514
-4511
-4509
-4505
-4494
-4493
-4492
-4490
-4490
-4487
-4485
-4485
-4485
-4482
-4481
-4481
-4480
-4477
-4477
-4475
-4475
-4473
-4471
-4471
-4467
-4467
-4465
-4465
-4462
-4462
-4457
-4456
-4454
-4453
-4453
-4451
-4449
-4447
-4444
-4437
-4436
-4433
-4430
-4427
-4426
-4426
-4426
-4424
-4424
-4422
-4420
-4419
-4416
-4413
-4411
-4408
-4400
-4396
-4395
-4395
-4391
-4388
-4382
-4382
-4381
-4380
-4378
-4377
-4373
-4372
-4368
-4367
-4365
-4365
-4364
-4364
-4361
-4357
-4355
-4351
-4350
-4345
-4341
-4339
-4335
-4334
-4333
-4332
-4331
-4330
-4325
-4324
-4324
-4323
-4317
-4315
-4313
-4311
-4311
-4310
-4306
-4303
-4300
-4299
-4298
-4298
-4298
-4294
-4292
-4291
-4291
-4291
-4290
-4289
-4288
-4288
-4285
-4284
-4283
-4282
-4279
-4278
-4278
-4276
-4274
-4273
-4271
-4271
-4266
-4266
-4264
-4264
-4260
-4260
-4260
-4254
-4252
-4251
-4250
-4250
-4250
-4248
-4248
-4246
-4245
-4243
-4242
-4240
-4239
-4238
-4238
-4232
-4229
-4229
-4228
-4228
-4225
-4225
-4224
-4221
-4221
-4218
-4218
-4217
-4216
-4215
-4204
-4200
-4195
-4193
-4193
-4187
-4185
-4184
-4183
-4182
-4180
-4178
-4175
-4175
-4175
-4172
-4169
-4169
-4168
-4164
-4163
-4161
-4161
-4154
-4150
-4149
-4148
-4147
-4142
-4140
-4140
-4139
-4138
-4138
-4136
-4134
-4133
-4132
-4129
-4128
-4126
-4124
-4122
-4119
-4117
-4116
-4113
-4112
-4107
-4105
-4104
-4102
-4100
-4099
-4099
-4097
-4094
-4090
-4090
-4088
-4087
-4085
-4084
-4083
-4081
-4080
-4079
-4075
-4073
-4066
-4061
-4061
-4060
-4059
-4059
-4058
-4058
-4057
-4057
-4054
-4053
-4051
-4051
-4048
-4048
-4047
-4043
-4041
-4037
-4034
-4033
-4031
-4029
-4028
-4027
-4025
-4025
-4023
-4022
-4017
-4015
-4012
-4010
-4009
-4007
-4007
-4002
-4002
-4001
-4001
-3998
-3994
-3990
-3988
-3984
-3983
-3981
-3979
-3978
-3977
-3977
-3975
-3975
-3971
-3968
-3966
-3963
-3962
-3961
-3959
-3956
-3956
-3955
-3955
-3953
-3946
-3945
-3944
-3943
-3939
-3939
-3935
-3933
-3932
-3931
-3931
-3928
-3928
-3927
-3924
-3922
-3920
-3919
-3918
-3912
-3910
-3909
-3908
-3906
-3906
-3905
-3905
-3904
-3901
-3899
-3898
-3898
-3895
-3892
-3891
-3889
-3889
-3889
-3887
-3885
-3883
-3881
-3880
-3880
-3880
-3880
-3876
-3875
-3874
-3872
-3867
-3865
-3863
-3863
-3861
-3856
-3854
-3853
-3851
-3851
-3850
-3848
-3845
-3843
-3841
-3837
-3836
-3836
-3834
-3834
-3833
-3831
-3828
-3826
-3825
-3820
-3819
-3816
-3804
-3804
-3802
-3800
-3800
-3799
-3795
-3795
-3795
-3793
-3792
-3789
-3787
-3783
-3779
-3776
-3776
-3774
-3773
-3773
-3772
-3772
-3768
-3767
-3759
-3758
-3757
-3752
-3751
-3750
-3748
-3748
-3746
-3743
-3743
-3742
-3738
-3736
-3736
-3734
-3732
-3729
-3728
-3728
-3727
-3726
-3725
-3725
-3724
-3722
-3721
-3720
-3719
-3717
-3716
-3716
-3713
-3711
-3708
-3708
-3707
-3706
-3704
-3703
-3702
-3701
-3699
-3697
-3696
-3694
-3692
-3691
-3690
-3689
-3688
-3687
-3686
-3685
-3683
-3681
-3680
-3680
-3680
-3667
-3664
-3662
-3658
-3654
-3652
-3644
-3643
-3641
-3640
-3638
-3634
-3627
-3627
-3626
-3626
-3625
-3621
-3612
-3612
-3612
-3607
-3605
-3603
-3602
-3600
-3598
-3594
-3592
-3591
-3588
-3588
-3584
-3581
-3579
-3578
-3577
-3576
-3576
-3574
-3574
-3571
-3570
-3570
-3564
-3556
-3550
-3548
-3548
-3544
-3541
-3539
-3539
-3538
-3537
-3536
-3534
-3530
-3528
-3528
-3527
-3525
-3525
-3522
-3522
-3521
-3516
-3514
-3514
-3510
-3509
-3509
-3507
-3507
-3507
-3504
-3504
-3503
-3503
-3500
-3495
-3489
-3488
-3488
-3485
-3485
-3484
-3484
-3479
-3478
-3477
-3476
-3476
-3475
-3473
-3472
-3471
-3471
-3468
-3465
-3464
-3463
-3463
-3459
-3455
-3453
-3452
-3448
-3447
-3445
-3440
-3438
-3436
-3436
-3435
-3432
-3428
-3425
-3425
-3424
-3423
-3416
-3414
-3410
-3402
-3402
-3399
-3399
-3398
-3398
-3398
-3397
-3397
-3397
-3392
-3391
-3389
-3388
-3387
-3383
-3383
-3382
-3381
-3381
-3380
-3379
-3377
-3377
-3376
-3376
-3375
-3373
-3372
-3371
-3370
-3369
-3369
-3366
-3365
-3361
-3357
-3355
-3354
-3349
-3347
-3343
-3343
-3342
-3341
-3334
-3333
-3333
-3332
-3331
-3330
-3330
-3329
-3328
-3324
-3322
-3320
-3319
-3318
-3316
-3316
-3315
-3314
-3313
-3313
-3309
-3308
-3308
-3308
-3308
-3293
-3291
-3290
-3287
-3279
-3276
-3272
-3267
-3265
-3265
-3264
-3261
-3259
-3259
-3257
-3255
-3255
-3252
-3251
-3251
-3249
-3248
-3245
-3245
-3243
-3235
-3234
-3233
-3230
-3228
-3225
-3224
-3223
-3222
-3217
-3217
-3216
-3215
-3213
-3213
-3210
-3209
-3203
-3203
-3202
-3201
-3199
-3197
-3197
-3192
-3192
-3192
-3189
-3187
-3180
-3180
-3175
-3165
-3162
-3158
-3157
-3157
-3156
-3155
-3155
-3148
-3142
-3140
-3139
-3139
-3138
-3133
-3132
-3128
-3127
-3124
-3118
-3117
-3117
-3115
-3113
-3110
-3108
-3106
-3102
-3098
-3096
-3090
-3089
-3087
-3086
-3078
-3078
-3067
-3064
-3064
-3062
-3060
-3059
-3057
-3057
-3056
-3056
-3056
-3053
-3053
-3052
-3051
-3050
-3049
-3049
-3047
-3046
-3039
-3037
-3031
-3030
-3029
-3028
-3023
-3014
-3011
-3009
-3009
-3008
-3006
-3005
-3002
-3002
-3000
-2999
-2998
-2998
-2994
-2986
-2985
-2980
-2980
-2979
-2978
-2977
-2975
-2973
-2956
-2952
-2951
-2945
-2943
-2937
-2937
-2930
-2928
-2927
-2927
-2927
-2924
-2923
-2923
-2920
-2919
-2916
-2916
-2914
-2914
-2907
-2906
-2905
-2904
-2898
-2898
-2896
-2895
-2890
-2890
-2890
-2886
-2883
-2878
-2876
-2875
-2875
-2873
-2872
-2871
-2871
-2869
-2869
-2868
-2864
-2860
-2856
-2854
-2853
-2846
-2842
-2840
-2838
-2836
-2834
-2829
-2828
-2828
-2823
-2822
-2820
-2819
-2818
-2818
-2814
-2813
-2812
-2811
-2807
-2804
-2803
-2802
-2799
-2798
-2797
-2796
-2795
-2792
-2790
-2789
-2788
-2786
-2785
-2780
-2779
-2777
-2776
-2775
-2771
-2769
-2763
-2761
-2761
-2758
-2757
-2754
-2750
-2750
-2747
-2738
-2734
-2732
-2731
-2731
-2730
-2718
-2715
-2714
-2712
-2712
-2711
-2709
-2709
-2706
-2706
-2706
-2705
-2705
-2701
-2699
-2688
-2687
-2680
-2672
-2672
-2672
-2670
-2669
-2669
-2666
-2663
-2660
-2659
-2657
-2657
-2656
-2653
-2649
-2648
-2648
-2647
-2646
-2642
-2633
-2632
-2632
-2631
-2630
-2627
-2620
-2618
-2616
-2614
-2613
-2611
-2609
-2608
-2607
-2607
-2606
-2604
-2597
-2595
-2594
-2594
-2592
-2586
-2586
-2585
-2585
-2585
-2580
-2574
-2574
-2573
-2572
-2568
-2568
-2567
-2567
-2567
-2567
-2564
-2563
-2563
-2563
-2562
-2559
-2558
-2558
-2554
-2550
-2549
-2549
-2549
-2547
-2545
-2545
-2544
-2538
-2534
-2534
-2533
-2530
-2528
-2528
-2525
-2525
-2524
-2523
-2523
-2522
-2521
-2518
-2516
-2516
-2514
-2514
-2512
-2512
-2511
-2510
-2508
-2507
-2503
-2496
-2495
-2490
-2490
-2489
-2484
-2483
-2483
-2482
-2481
-2480
-2476
-2473
-2472
-2471
-2471
-2460
-2459
-2455
-2455
-2452
-2452
-2450
-2450
-2442
-2441
-2437
-2434
-2434
-2434
-2433
-2430
-2427
-2423
-2422
-2421
-2413
-2411
-2410
-2409
-2409
-2403
-2399
-2398
-2396
-2394
-2389
-2388
-2379
-2377
-2376
-2375
-2374
-2373
-2370
-2366
-2366
-2365
-2362
-2358
-2358
-2353
-2350
-2350
-2349
-2347
-2347
-2346
-2341
-2340
-2339
-2337
-2336
-2331
-2329
-2326
-2326
-2325
-2325
-2320
-2319
-2317
-2316
-2316
-2315
-2308
-2308
-2307
-2306
-2305
-2301
-2299
-2298
-2298
-2298
-2297
-2293
-2293
-2292
-2290
-2287
-2285
-2284
-2283
-2280
-2278
-2276
-2274
-2273
-2269
-2266
-2264
-2263
-2263
-2260
-2257
-2257
-2255
-2253
-2252
-2248
-2245
-2240
-2236
-2231
-2228
-2222
-2222
-2221
-2218
-2214
-2213
-2212
-2211
-2210
-2210
-2208
-2206
-2201
-2200
-2197
-2196
-2195
-2192
-2191
-2190
-2187
-2181
-2181
-2180
-2180
-2174
-2169
-2169
-2166
-2166
-2165
-2163
-2163
-2160
-2159
-2158
-2154
-2153
-2151
-2151
-2149
-2147
-2146
-2146
-2145
-2145
-2142
-2141
-2141
-2136
-2134
-2132
-2130
-2129
-2127
-2127
-2127
-2126
-2123
-2123
-2122
-2122
-2119
-2117
-2115
-2114
-2112
-2111
-2111
-2110
-2109
-2109
-2107
-2107
-2104
-2103
-2103
-2099
-2096
-2094
-2092
-2090
-2089
-2089
-2085
-2080
-2078
-2077
-2068
-2067
-2064
-2061
-2058
-2056
-2054
-2050
-2046
-2044
-2043
-2043
-2042
-2042
-2041
-2039
-2036
-2033
-2024
-2022
-2019
-2014
-2013
-2012
-2012
-2011
-2011
-2006
-2004
-2002
-2002
-2001
-1999
-1999
-1994
-1993
-1993
-1993
-1989
-1987
-1986
-1985
-1985
-1983
-1982
-1980
-1977
-1975
-1968
-1966
-1966
-1963
-1961
-1958
-1954
-1950
-1949
-1948
-1946
-1946
-1942
-1941
-1941
-1941
-1941
-1940
-1939
-1935
-1934
-1934
-1934
-1933
-1919
-1918
-1916
-1914
-1913
-1908
-1908
-1907
-1907
-1903
-1900
-1900
-1899
-1896
-1895
-1893
-1890
-1887
-1883
-1881
-1878
-1876
-1876
-1873
-1871
-1870
-1869
-1867
-1858
-1857
-1856
-1856
-1851
-1847
-1846
-1845
-1841
-1839
-1838
-1836
-1836
-1834
-1832
-1829
-1824
-1823
-1821
-1813
-1811
-1808
-1806
-1805
-1804
-1802
-1801
-1800
-1792
-1791
-1788
-1786
-1783
-1780
-1778
-1775
-1774
-1773
-1772
-1770
-1769
-1769
-1767
-1761
-1756
-1753
-1753
-1750
-1749
-1749
-1747
-1747
-1747
-1745
-1740
-1739
-1736
-1736
-1735
-1734
-1730
-1729
-1726
-1723
-1722
-1722
-1722
-1720
-1716
-1716
-1715
-1715
-1714
-1713
-1710
-1710
-1710
-1710
-1709
-1704
-1701
-1699
-1697
-1697
-1692
-1690
-1690
-1690
-1689
-1682
-1680
-1679
-1679
-1677
-1677
-1676
-1674
-1673
-1673
-1672
-1672
-1669
-1666
-1664
-1664
-1664
-1663
-1663
-1661
-1658
-1657
-1652
-1650
-1650
-1650
-1649
-1647
-1644
-1642
-1641
-1634
-1631
-1630
-1630
-1620
-1618
-1617
-1611
-1606
-1606
-1598
-1596
-1594
-1593
-1582
-1582
-1581
-1578
-1568
-1565
-1564
-1556
-1556
-1555
-1555
-1549
-1547
-1542
-1540
-1538
-1537
-1537
-1535
-1531
-1531
-1530
-1529
-1528
-1526
-1523
-1521
-1521
-1521
-1520
-1519
-1517
-1517
-1515
-1511
-1510
-1509
-1507
-1503
-1500
-1498
-1498
-1497
-1496
-1493
-1492
-1491
-1491
-1487
-1486
-1486
-1486
-1483
-1476
-1471
-1468
-1465
-1464
-1461
-1456
-1456
-1455
-1454
-1451
-1450
-1447
-1446
-1444
-1441
-1436
-1435
-1434
-1431
-1431
-1428
-1424
-1423
-1421
-1417
-1416
-1416
-1414
-1414
-1411
-1409
-1406
-1406
-1403
-1398
-1398
-1395
-1392
-1389
-1387
-1387
-1375
-1374
-1365
-1364
-1364
-1361
-1358
-1355
-1354
-1353
-1353
-1350
-1347
-1345
-1343
-1342
-1339
-1337
-1332
-1330
-1328
-1326
-1325
-1322
-1320
-1311
-1309
-1303
-1302
-1301
-1300
-1300
-1300
-1299
-1298
-1294
-1293
-1290
-1290
-1287
-1285
-1279
-1273
-1273
-1272
-1272
-1271
-1270
-1268
-1265
-1262
-1257
-1256
-1256
-1253
-1253
-1245
-1245
-1244
-1243
-1239
-1232
-1230
-1229
-1227
-1226
-1225
-1221
-1216
-1213
-1211
-1209
-1209
-1208
-1205
-1203
-1194
-1192
-1192
-1190
-1189
-1188
-1185
-1183
-1183
-1181
-1179
-1177
-1175
-1175
-1164
-1164
-1161
-1160
-1159
-1157
-1154
-1154
-1154
-1152
-1148
-1145
-1145
-1144
-1143
-1140
-1139
-1139
-1138
-1135
-1135
-1135
-1130
-1128
-1125
-1115
-1114
-1113
-1112
-1110
-1108
-1100
-1098
-1095
-1092
-1089
-1087
-1084
-1083
-1082
-1079
-1078
-1076
-1070
-1066
-1062
-1061
-1058
-1058
-1057
-1055
-1051
-1048
-1048
-1046
-1046
-1044
-1043
-1041
-1040
-1039
-1035
-1033
-1031
-1031
-1028
-1021
-1021
-1020
-1019
-1019
-1018
-1017
-1016
-1016
-1015
-1013
-1013
-1011
-1011
-1009
-1008
-1007
-1004
-1004
-1004
-1001
-1000
-998
-998
-996
-995
-994
-993
-992
-988
-987
-979
-974
-974
-967
-964
-960
-959
-959
-958
-957
-956
-954
-953
-951
-949
-947
-944
-941
-940
-939
-938
-931
-930
-925
-924
-921
-916
-915
-914
-913
-913
-904
-902
-900
-898
-896
-896
-891
-890
-888
-887
-885
-881
-878
-873
-870
-866
-863
-858
-858
-856
-853
-853
-852
-850
-849
-846
-845
-842
-842
-840
-838
-835
-835
-828
-827
-825
-822
-819
-817
-811
-809
-808
-805
-804
-802
-801
-801
-801
-797
-797
-797
-794
-791
-790
-789
-785
-785
-784
-784
-783
-783
-782
-782
-781
-777
-775
-774
-763
-758
-758
-756
-756
-751
-751
-750
-747
-744
-744
-738
-737
-734
-734
-733
-733
-732
-732
-727
-723
-718
-718
-717
-717
-716
-713
-712
-711
-710
-706
-703
-703
-699
-696
-696
-692
-690
-690
-689
-687
-685
-682
-679
-678
-677
-677
-676
-676
-674
-673
-670
-667
-666
-660
-658
-658
-657
-656
-655
-654
-650
-649
-645
-644
-644
-643
-643
-642
-639
-638
-634
-633
-633
-632
-631
-631
-631
-631
-628
-627
-624
-623
-623
-621
-614
-612
-611
-611
-611
-607
-606
-606
-605
-604
-603
-601
-600
-596
-593
-592
-590
-589
-587
-585
-585
-584
-583
-581
-576
-573
-568
-559
-559
-559
-558
-555
-555
-554
-552
-551
-543
-539
-538
-536
-534
-531
-528
-528
-528
-527
-524
-523
-517
-515
-515
-513
-509
-505
-501
-501
-501
-501
-500
-497
-494
-491
-487
-485
-485
-484
-483
-478
-476
-476
-474
-474
-474
-473
-471
-470
-469
-466
-465
-454
-450
-450
-449
-449
-448
-448
-446
-445
-445
-440
-439
-438
-430
-428
-426
-421
-420
-419
-419
-417
-414
-414
-414
-413
-411
-410
-408
-405
-405
-403
-403
-402
-400
-396
-395
-394
-391
-390
-390
-380
-379
-376
-374
-372
-371
-370
-370
-369
-369
-366
-366
-365
-364
-361
-361
-360
-353
-352
-352
-351
-346
-345
-344
-341
-340
-339
-334
-333
-332
-331
-330
-328
-327
-321
-321
-317
-311
-310
-309
-307
-305
-304
-304
-297
-296
-296
-293
-292
-292
-290
-289
-286
-286
-283
-281
-281
-281
-281
-279
-275
-272
-271
-267
-266
-266
-266
-265
-258
-257
-257
-257
-254
-253
-253
-251
-250
-248
-244
-241
-241
-240
-237
-236
-236
-228
-228
-225
-225
-224
-222
-220
-219
-218
-215
-213
-212
-208
-207
-205
-203
-197
-196
-193
-191
-191
-191
-190
-186
-185
-183
-183
-182
-182
-179
-178
-174
-170
-170
-167
-166
-163
-159
-158
-158
-157
-157
-157
-156
-152
-151
-149
-146
-143
-141
-137
-136
-135
-133
-133
-132
-132
-130
-130
-129
-129
-128
-124
-123
-118
-114
-113
-113
-113
-106
-105
-103
-99
-99
-94
-93
-91
-91
-90
-89
-86
-82
-82
-80
-79
-78
-78
-77
-76
-76
-76
-74
-71
-71
-68
-67
-67
-65
-63
-62
-60
-60
-53
-49
-46
-42
-40
-38
-37
-37
-36
-32
-31
-29
-28
-26
-23
-22
-20
-12
-6
-2
0
4
4
7
7
8
11
11
12
13
18
19
19
24
24
24
30
33
38
38
39
41
47
48
51
51
52
55
57
61
61
62
69
71
71
72
75
77
83
84
86
88
93
95
98
106
107
109
109
110
113
113
115
116
120
124
125
125
126
127
127
127
130
134
135
135
136
137
143
144
145
148
149
151
151
151
153
154
156
158
161
162
164
165
166
167
170
171
171
171
176
177
178
182
184
187
189
190
190
191
192
194
194
197
200
201
201
204
207
208
209
210
212
212
219
221
224
225
225
229
230
232
233
233
234
237
240
242
243
246
247
247
247
250
250
253
254
255
257
259
260
261
262
264
265
266
268
269
270
275
275
276
277
278
281
281
282
284
285
291
292
293
295
297
298
302
304
304
305
306
307
310
310
314
320
323
325
328
328
331
332
333
335
337
338
342
343
346
351
355
359
362
362
364
366
366
369
370
371
371
372
373
374
375
375
375
378
380
381
383
384
386
387
388
391
392
392
394
395
398
398
398
401
401
401
403
404
404
406
406
408
408
409
409
410
410
412
413
416
420
420
420
423
423
425
425
426
426
426
428
429
433
440
444
447
454
454
455
455
456
458
460
463
464
464
465
466
469
472
474
475
476
482
485
485
486
486
490
491
491
497
498
500
501
501
502
502
502
504
506
506
506
507
509
511
514
516
517
518
519
521
521
523
530
537
537
537
540
542
543
544
546
547
548
548
550
551
551
552
554
555
556
557
558
560
566
566
566
568
574
577
579
579
579
587
589
593
593
594
595
596
600
605
607
607
608
609
612
618
627
627
628
631
639
641
642
644
644
644
645
649
650
651
652
653
655
656
656
657
657
658
660
662
663
664
666
670
670
671
672
673
676
676
678
680
682
683
684
687
688
688
690
690
692
693
703
703
705
708
709
709
712
714
718
719
719
720
720
720
728
731
731
733
737
740
743
747
749
750
750
755
759
760
762
764
766
768
770
772
774
781
782
782
785
787
787
795
799
803
809
809
811
811
813
813
814
815
816
818
819
821
822
823
826
826
827
829
830
830
832
833
834
834
835
839
840
845
845
846
848
851
852
855
856
857
863
865
866
866
867
871
873
879
882
883
884
884
891
894
896
897
901
905
908
909
910
910
911
911
915
922
924
924
929
930
930
931
934
935
940
943
947
948
953
953
955
957
957
958
965
970
972
973
974
976
979
983
986
989
990
993
995
997
998
1000
1004
1004
1005
1011
1012
1013
1015
1019
1020
1024
1024
1028
1029
1029
1033
1033
1034
1035
1036
1036
1041
1042
1048
1051
1051
1052
1053
1054
1070
1071
1071
1073
1075
1075
1079
1079
1080
1081
1083
1084
1086
1088
1088
1090
1090
1092
1093
1095
1097
1100
1101
1105
1105
1107
1110
1111
1114
1115
1115
1115
1123
1124
1129
1133
1133
1134
1135
1137
1140
1147
1148
1149
1150
1153
1153
1157
1159
1162
1163
1166
1167
1168
1169
1170
1170
1170
1174
1175
1177
1178
1179
1179
1181
1181
1181
1186
1188
1190
1191
1192
1193
1194
1201
1206
1206
1207
1207
1210
1217
1219
1221
1223
1225
1226
1231
1232
1236
1239
1243
1246
1247
1248
1249
1251
1252
1252
1256
1258
1260
1261
1263
1263
1263
1266
1270
1272
1274
1275
1278
1280
1280
1281
1283
1283
1284
1284
1286
1287
1287
1289
1292
1294
1296
1296
1296
1299
1301
1302
1303
1306
1308
1308
1309
1309
1310
1318
1318
1319
1321
1323
1327
1332
1332
1339
1339
1342
1344
1344
1346
1349
1350
1350
1353
1354
1357
1358
1358
1360
1361
1361
1362
1371
1371
1373
1373
1375
1379
1382
1382
1383
1385
1387
1388
1390
1390
1394
1394
1395
1400
1400
1404
1408
1409
1410
1412
1413
1415
1416
1418
1423
1427
1430
1433
1434
1437
1441
1441
1447
1450
1452
1456
1459
1460
1468
1473
1474
1477
1480
1482
1485
1490
1492
1492
1494
1494
1498
1498
1500
1500
1501
1503
1505
1507
1509
1510
1511
1523
1523
1525
1528
1529
1530
1530
1532
1533
1533
1534
1536
1537
1538
1538
1540
1544
1545
1546
1547
1547
1550
1551
1553
1553
1555
1555
1556
1557
1558
1564
1564
1565
1566
1569
1569
1570
1573
1574
1574
1575
1575
1580
1581
1581
1582
1583
1584
1587
1588
1588
1593
1594
1600
1601
1601
1603
1607
1611
1612
1612
1613
1616
1617
1619
1621
1623
1630
1630
1630
1631
1637
1639
1639
1645
1646
1646
1649
1650
1652
1656
1658
1659
1661
1664
1665
1666
1669
1672
1672
1674
1676
1682
1691
1695
1696
1696
1699
1700
1700
1702
1704
1705
1707
1711
1714
1714
1716
1719
1725
1726
1726
1726
1727
1729
1731
1732
1732
1732
1733
1733
1737
1742
1742
1744
1745
1748
1748
1749
1751
1751
1752
1752
1763
1764
1764
1768
1769
1778
1781
1782
1782
1784
1788
1789
1793
1795
1796
1797
1799
1801
1802
1807
1807
1810
1810
1810
1811
1818
1818
1819
1820
1824
1828
1830
1841
1841
1845
1849
1852
1856
1858
1859
1859
1861
1861
1862
1869
1871
1874
1874
1876
1877
1886
1886
1887
1894
1896
1896
1905
1906
1908
1910
1912
1918
1921
1922
1922
1923
1927
1928
1929
1929
1933
1935
1937
1940
1941
1941
1941
1944
1945
1947
1947
1954
1956
1959
1960
1960
1961
1963
1965
1966
1966
1968
1969
1969
1970
1982
1983
1984
1987
1987
1988
1990
1991
1993
1995
1997
1998
1999
2001
2001
2002
2002
2006
2011
2013
2021
2021
2022
2024
2024
2024
2024
2025
2025
2027
2027
2029
2030
2031
2032
2034
2034
2035
2036
2037
2039
2042
2042
2043
2045
2045
2047
2050
2050
2052
2053
2058
2059
2060
2064
2067
2070
2071
2073
2073
2074
2075
2075
2076
2077
2079
2081
2083
2083
2084
2086
2087
2088
2089
2091
2091
2092
2095
2095
2095
2098
2099
2100
2100
2106
2107
2109
2115
2117
2119
2119
2121
2121
2121
2122
2127
2128
2129
2130
2131
2132
2134
2135
2136
2136
2137
2137
2141
2142
2146
2155
2156
2156
2157
2158
2158
2161
2166
2166
2168
2170
2171
2174
2174
2177
2178
2183
2184
2185
2188
2189
2192
2192
2193
2193
2194
2199
2199
2201
2205
2205
2206
2209
2210
2211
2215
2216
2219
2221
2224
2225
2229
2235
2236
2237
2238
2239
2247
2247
2251
2253
2258
2262
2264
2264
2265
2265
2265
2265
2268
2269
2271
2272
2275
2277
2277
2278
2280
2282
2284
2290
2290
2291
2299
2302
2303
2307
2307
2309
2313
2317
2321
2325
2329
2329
2334
2337
2338
2339
2342
2344
2345
2350
2350
2351
2354
2355
2357
2360
2361
2362
2363
2378
2378
2379
2383
2383
2385
2387
2390
2392
2394
2399
2402
2406
2406
2407
2409
2411
2412
2413
2419
2422
2426
2427
2432
2433
2434
2438
2440
2445
2448
2451
2451
2452
2453
2456
2457
2464
2466
2468
2470
2471
2471
2471
2473
2474
2475
2476
2481
2482
2484
2485
2487
2495
2496
2499
2501
2501
2503
2505
2505
2508
2512
2514
2515
2517
2518
2522
2526
2529
2534
2534
2536
2536
2537
2540
2542
2542
2546
2546
2549
2550
2550
2555
2559
2560
2568
2574
2575
2575
2576
2577
2578
2579
2584
2587
2587
2588
2590
2592
2593
2595
2598
2599
2602
2604
2605
2605
2606
2606
2607
2608
2611
2612
2617
2618
2618
2618
2619
2619
2622
2623
2626
2629
2631
2636
2636
2639
2641
2647
2651
2651
2654
2655
2661
2663
2663
2663
2667
2667
2669
2670
2670
2671
2672
2672
2677
2677
2677
2681
2687
2696
2698
2699
2699
2706
2707
2707
2712
2716
2721
2723
2723
2726
2729
2729
2730
2732
2735
2736
2736
2738
2739
2743
2743
2743
2749
2751
2755
2756
2756
2762
2764
2765
2765
2770
2775
2776
2779
2781
2783
2785
2785
2785
2787
2788
2793
2794
2795
2799
2800
2804
2804
2805
2806
2808
2809
2809
2810
2816
2818
2819
2820
2821
2822
2823
2824
2829
2833
2834
2835
2836
2838
2839
2842
2848
2849
2858
2859
2859
2859
2860
2860
2863
2866
2867
2871
2874
2876
2881
2882
2883
2885
2888
2892
2896
2896
2897
2898
2899
2900
2902
2910
2912
2913
2915
2915
2916
2921
2924
2924
2926
2927
2930
2931
2931
2932
2937
2937
2938
2940
2943
2947
2947
2950
2951
2952
2956
2957
2958
2959
2962
2965
2968
2971
2974
2975
2979
2986
2987
2988
2988
2989
2991
2992
2992
2993
2995
2996
2998
2998
2999
2999
3002
3007
3008
3008
3009
3010
3011
3012
3019
3021
3022
3024
3026
3026
3031
3034
3034
3036
3039
3041
3045
3045
3047
3050
3053
3054
3058
3058
3063
3063
3064
3067
3071
3071
3072
3077
3077
3077
3079
3080
3082
3086
3086
3090
3092
3093
3096
3097
3097
3098
3100
3101
3102
3103
3110
3112
3117
3119
3121
3123
3126
3130
3130
3130
3131
3134
3136
3137
3140
3143
3147
3149
3153
3156
3156
3159
3160
3160
3161
3162
3162
3163
3164
3165
3168
3170
3179
3181
3185
3186
3186
3188
3192
3192
3193
3197
3198
3201
3204
3205
3205
3207
3214
3219
3221
3222
3222
3226
3228
3229
3231
3237
3237
3240
3240
3246
3247
3248
3249
3250
3251
3252
3252
3253
3254
3257
3258
3262
3262
3263
3264
3267
3270
3272
3273
3274
3274
3275
3275
3278
3279
3283
3284
3285
3290
3295
3295
3296
3296
3296
3300
3304
3307
3320
3322
3323
3325
3327
3330
3330
3331
3332
3333
3333
3334
3334
3335
3335
3335
3337
3340
3342
3344
3345
3345
3346
3348
3349
3350
3352
3353
3354
3354
3355
3356
3358
3358
3359
3359
3359
3359
3359
3360
3360
3360
3361
3361
3363
3365
3366
3367
3370
3380
3381
3386
3386
3387
3387
3391
3393
3394
3396
3396
3398
3399
3402
3403
3407
3407
3408
3409
3411
3412
3414
3418
3419
3420
3424
3427
3428
3429
3431
3432
3435
3436
3436
3438
3439
3442
3446
3446
3450
3452
3455
3456
3457
3462
3464
3465
3467
3467
3469
3469
3471
3472
3475
3475
3476
3479
3481
3483
3492
3495
3495
3497
3499
3500
3502
3504
3507
3514
3515
3523
3523
3524
3524
3525
3527
3530
3531
3535
3536
3536
3539
3539
3539
3540
3541
3543
3543
3550
3553
3555
3556
3558
3558
3558
3571
3572
3575
3577
3579
3579
3580
3582
3583
3587
3590
3596
3598
3599
3603
3604
3617
3623
3623
3623
3623
3625
3633
3640
3640
3647
3651
3652
3653
3655
3655
3656
3660
3660
3661
3665
3666
3668
3669
3673
3674
3676
3680
3683
3686
3686
3686
3688
3690
3691
3693
3694
3699
3700
3703
3704
3705
3706
3707
3707
3712
3716
3716
3716
3716
3719
3721
3722
3722
3724
3727
3735
3739
3742
3743
3745
3748
3748
3748
3749
3750
3751
3756
3759
3759
3760
3761
3761
3765
3766
3770
3770
3771
3771
3772
3773
3778
3781
3787
3788
3792
3796
3801
3803
3803
3805
3807
3814
3823
3823
3824
3827
3827
3827
3832
3834
3835
3836
3837
3838
3839
3839
3840
3844
3845
3847
3851
3851
3851
3853
3857
3860
3863
3865
3869
3870
3871
3872
3873
3875
3877
3878
3879
3880
3888
3890
3894
3899
3899
3901
3903
3905
3917
3921
3924
3927
3930
3931
3932
3934
3936
3938
3940
3941
3942
3942
3948
3951
3952
3959
3961
3961
3963
3964
3967
3968
3969
3969
3971
3972
3978
3979
3980
3981
3982
3984
3984
3985
3989
3990
3990
3993
3994
3997
4000
4008
4009
4010
4010
4011
4011
4012
4012
4014
4015
4020
4024
4025
4025
4026
4027
4033
4038
4041
4043
4043
4043
4045
4049
4050
4052
4057
4063
4063
4064
4065
4067
4069
4070
4071
4072
4077
4078
4079
4080
4084
4091
4091
4093
4097
4104
4104
4104
4105
4107
4108
4116
4118
4120
4125
4129
4130
4130
4130
4132
4133
4133
4134
4135
4139
4141
4144
4151
4156
4158
4159
4160
4165
4168
4178
4180
4181
4183
4184
4184
4185
4186
4187
4188
4189
4191
4191
4192
4194
4195
4202
4205
4206
4207
4207
4209
4212
4212
4212
4216
4220
4222
4223
4228
4234
4234
4236
4237
4244
4245
4247
4251
4256
4256
4257
4261
4265
4266
4266
4271
4272
4280
4282
4284
4285
4287
4288
4294
4295
4296
4298
4298
4303
4305
4306
4307
4308
4310
4310
4313
4314
4314
4316
4318
4320
4320
4325
4326
4326
4329
4329
4330
4331
4333
4334
4338
4339
4345
4347
4347
4348
4351
4352
4353
4357
4359
4359
4360
4364
4364
4367
4369
4370
4371
4373
4373
4373
4374
4376
4377
4378
4383
4385
4389
4393
4394
4394
4399
4404
4406
4408
4415
4417
4423
4426
4426
4430
4432
4435
4438
4441
4444
4450
4452
4459
4463
4464
4464
4467
4470
4472
4473
4476
4477
4478
4479
4480
4480
4484
4486
4488
4488
4489
4491
4492
4495
4496
4503
4518
4522
4529
4532
4534
4537
4538
4544
4544
4545
4547
4554
4558
4562
4563
4567
4570
4572
4577
4578
4579
4582
4585
4590
4591
4594
4594
4595
4596
4600
4600
4602
4602
4603
4604
4604
4605
4608
4610
4612
4612
4613
4614
4615
4622
4625
4626
4629
4630
4634
4635
4635
4638
4646
4646
4646
4648
4649
4651
4652
4652
4653
4654
4655
4655
4658
4659
4660
4660
4666
4667
4669
4674
4677
4681
4681
4682
4684
4684
4685
4685
4687
4691
4696
4696
4696
4698
4700
4700
4704
4706
4707
4710
4712
4715
4715
4715
4716
4716
4718
4718
4720
4723
4729
4730
4730
4732
4733
4733
4735
4736
4736
4737
4741
4741
4742
4743
4744
4745
4746
4746
4747
4748
4749
4749
4754
4758
4759
4759
4761
4763
4765
4767
4767
4768
4769
4769
4770
4770
4771
4771
4773
4774
4777
4781
4787
4788
4793
4798
4801
4802
4802
4802
4809
4809
4811
4812
4815
4815
4816
4818
4818
4818
4819
4819
4822
4825
4826
4826
4828
4832
4839
4842
4845
4846
4852
4852
4854
4854
4854
4855
4858
4859
4859
4861
4863
4863
4863
4864
4865
4865
4866
4866
4868
4868
4869
4869
4873
4878
4880
4881
4884
4884
4887
4890
4891
4891
4891
4891
4893
4894
4896
4899
4901
4907
4909
4913
4917
4918
4919
4925
4926
4926
4926
4927
4928
4930
4931
4933
4937
4942
4944
4949
4951
4954
4955
4960
4961
4963
4964
4964
4966
4967
4968
4968
4970
4971
4973
4973
4974
4978
4979
4979
4981
4982
4984
4984
4987
4988
4988
4989
4991
4993
4994
4995
4996
4997
4998
5003
5004
5006
5011
5011
5012
5013
5013
5019
5019
5022
5023
5024
5028
5028
5028
5029
5031
5040
5048
5049
5051
5052
5055
5055
5056
5057
5058
5059
5060
5061
5064
5066
5066
5067
5068
5068
5069
5070
5071
5076
5079
5084
5094
5094
5094
5096
5097
5101
5101
5113
5114
5118
5118
5119
5120
5121
5122
5122
5123
5125
5127
5130
5130
5132
5134
5137
5141
5142
5144
5151
5155
5155
5157
5158
5164
5171
5173
5174
5174
5176
5176
5178
5178
5179
5180
5180
5181
5184
5185
5185
5187
5188
5192
5193
5195
5195
5207
5210
5213
5215
5215
5218
5219
5221
5228
5230
5233
5234
5235
5235
5235
5236
5241
5241
5242
5245
5253
5256
5257
5257
5267
5274
5274
5276
5281
5284
5286
5286
5290
5296
5299
5303
5305
5307
5307
5308
5308
5310
5314
5315
5318
5323
5324
5325
5325
5332
5332
5337
5338
5338
5339
5339
5340
5349
5349
5357
5367
5367
5368
5369
5370
5374
5375
5378
5379
5383
5387
5387
5390
5392
5397
5398
5403
5405
5406
5407
5409
5412
5413
5413
5414
5415
5417
5418
5421
5421
5422
5427
5428
5431
5432
5433
5434
5436
5439
5441
5444
5449
5451
5460
5460
5462
5464
5465
5466
5469
5469
5470
5473
5474
5475
5476
5477
5479
5481
5484
5488
5490
5496
5498
5499
5503
5504
5505
5506
5507
5508
5513
5513
5514
5515
5522
5526
5530
5532
5535
5536
5539
5540
5542
5543
5545
5545
5547
5549
5550
5552
5552
5553
5553
5554
5554
5554
5554
5555
5557
5558
5558
5559
5559
5562
5566
5567
5568
5573
5575
5577
5579
5580
5581
5584
5586
5590
5594
5601
5603
5605
5612
5614
5615
5616
5622
5623
5623
5624
5625
5625
5633
5634
5635
5636
5641
5643
5645
5648
5650
5653
5664
5666
5668
5670
5671
5671
5671
5671
5672
5680
5685
5685
5686
5687
5689
5690
5692
5692
5698
5698
5700
5702
5703
5706
5709
5710
5713
5713
5714
5716
5716
5721
5726
5728
5729
5729
5733
5734
5735
5738
5739
5740
5741
5741
5741
5743
5744
5745
5747
5748
5749
5753
5754
5756
5758
5758
5762
5764
5769
5771
5776
5777
5777
5783
5784
5785
5785
5790
5790
5792
5793
5795
5795
5796
5802
5808
5809
5815
5815
5815
5816
5816
5819
5819
5825
5831
5832
5833
5833
5836
5838
5838
5840
5840
5843
5846
5848
5848
5851
5851
5853
5855
5856
5863
5866
5868
5870
5870
5871
5871
5871
5871
5879
5883
5884
5885
5887
5888
5892
5895
5900
5900
5901
5902
5910
5910
5911
5911
5913
5917
5920
5921
5923
5923
5925
5928
5930
5932
5933
5934
5936
5937
5944
5945
5947
5950
5954
5955
5955
5958
5959
5960
5960
5962
5963
5968
5971
5972
5973
5977
5979
5983
5986
5990
5990
5991
5992
5994
5999
5999
6002
6013
6018
6021
6021
6022
6023
6027
6028
6029
6030
6034
6035
6038
6039
6040
6043
6043
6047
6048
6050
6050
6051
6053
6054
6057
6058
6061
6061
6061
6061
6061
6062
6063
6065
6065
6066
6066
6071
6073
6074
6079
6080
6080
6080
6082
6083
6086
6088
6088
6090
6090
6098
6098
6103
6103
6105
6106
6114
6115
6115
6115
6116
6120
6120
6122
6123
6124
6126
6127
6130
6131
6131
6135
6137
6140
6142
6147
6150
6150
6151
6153
6155
6159
6159
6160
6169
6171
6171
6172
6174
6174
6175
6177
6181
6182
6184
6184
6185
6185
6185
6186
6188
6192
6192
6194
6194
6195
6196
6206
6207
6209
6211
6213
6218
6220
6221
6221
6225
6225
6231
6231
6232
6232
6234
6234
6236
6242
6243
6246
6250
6251
6251
6253
6254
6254
6255
6257
6258
6259
6262
6263
6268
6269
6274
6280
6280
6282
6284
6288
6291
6291
6293
6295
6298
6300
6303
6304
6304
6305
6312
6316
6317
6321
6322
6324
6326
6326
6328
6328
6341
6342
6351
6357
6359
6363
6366
6368
6368
6369
6370
6372
6375
6382
6383
6388
6388
6388
6390
6399
6403
6404
6404
6404
6407
6411
6414
6414
6419
6425
6430
6430
6435
6437
6438
6440
6441
6444
6444
6445
6445
6449
6451
6451
6454
6456
6456
6457
6457
6459
6461
6464
6466
6469
6470
6471
6471
6472
6473
6479
6481
6482
6483
6484
6488
6490
6502
6503
6504
6504
6505
6506
6507
6510
6512
6516
6517
6519
6520
6520
6521
6522
6528
6529
6532
6533
6535
6541
6543
6547
6547
6550
6552
6553
6554
6555
6557
6558
6561
6562
6563
6564
6564
6564
6566
6569
6569
6569
6570
6571
6573
6575
6578
6578
6579
6580
6580
6580
6581
6582
6583
6585
6587
6588
6589
6590
6591
6594
6595
6599
6600
6600
6603
6605
6605
6606
6607
6611
6612
6613
6616
6617
6620
6621
6625
6627
6629
6630
6632
6632
6636
6638
6638
6639
6640
6643
6646
6646
6646
6647
6647
6648
6649
6651
6651
6655
6660
6662
6664
6665
6666
6669
6671
6673
6677
6681
6683
6688
6690
6692
6693
6694
6695
6695
6698
6704
6704
6705
6706
6706
6706
6708
6714
6714
6721
6721
6723
6725
6725
6727
6728
6734
6737
6743
6746
6749
6751
6752
6753
6754
6755
6755
6758
6760
6761
6761
6764
6765
6765
6766
6766
6768
6776
6779
6782
6783
6786
6792
6792
6795
6796
6797
6798
6800
6805
6806
6810
6811
6811
6815
6817
6819
6823
6824
6829
6830
6831
6832
6832
6834
6834
6835
6836
6837
6839
6839
6840
6844
6847
6850
6850
6851
6853
6853
6856
6856
6858
6860
6861
6861
6862
6864
6864
6864
6870
6876
6878
6880
6881
6885
6886
6886
6888
6890
6892
6895
6896
6900
6901
6906
6911
6911
6915
6916
6917
6917
6917
6920
6920
6921
6922
6926
6927
6927
6930
6933
6938
6938
6940
6942
6948
6948
6949
6952
6956
6957
6959
6963
6964
6969
6970
6970
6970
6974
6974
6975
6976
6978
6981
6986
6986
6987
6988
6988
6994
6994
6995
7000
7000
7001
7002
7004
7004
7004
7005
7007
7008
7009
7010
7011
7021
7021
7025
7025
7028
7030
7031
7031
7032
7041
7042
7044
7045
7046
7049
7052
7058
7060
7060
7062
7063
7064
7065
7068
7070
7071
7071
7074
7075
7080
7081
7082
7087
7087
7088
7088
7090
7091
7093
7097
7099
7105
7105
7105
7108
7111
7111
7111
7113
7114
7117
7117
7120
7122
7125
7126
7127
7130
7133
7133
7136
7137
7139
7141
7141
7142
7143
7144
7145
7146
7146
7148
7152
7153
7159
7160
7161
7162
7163
7163
7163
7164
7165
7166
7169
7172
7176
7177
7177
7182
7185
7188
7193
7195
7195
7197
7198
7200
7202
7204
7204
7205
7210
7210
7215
7215
7226
7228
7230
7232
7232
7241
7244
7244
7244
7249
7249
7250
7251
7254
7255
7259
7260
7266
7266
7269
7269
7270
7270
7279
7281
7282
7282
7287
7287
7290
7290
7292
7294
7296
7298
7298
7300
7302
7303
7307
7307
7307
7309
7309
7312
7318
7319
7319
7325
7328
7330
7334
7335
7338
7340
7341
7342
7342
7343
7349
7353
7361
7367
7369
7370
7374
7374
7375
7380
7382
7383
7388
7388
7390
7392
7393
7398
7401
7402
7410
7410
7411
7411
7411
7413
7414
7423
7423
7426
7427
7428
7429
7431
7432
7433
7434
7435
7436
7438
7440
7441
7442
7442
7442
7454
7455
7457
7457
7457
7460
7466
7468
7469
7471
7474
7477
7479
7480
7480
7483
7484
7484
7485
7487
7488
7492
7492
7494
7496
7499
7499
7499
7501
7506
7506
7511
7517
7517
7521
7522
7527
7528
7528
7529
7530
7533
7535
7541
7541
7543
7543
7549
7554
7556
7561
7562
7563
7564
7567
7571
7573
7574
7576
7576
7577
7578
7580
7583
7583
7585
7586
7590
7593
7593
7596
7596
7597
7597
7599
7602
7610
7610
7610
7613
7615
7616
7617
7617
7619
7620
7621
7623
7624
7625
7630
7632
7636
7641
7643
7644
7645
7652
7653
7653
7654
7656
7659
7660
7661
7663
7669
7676
7678
7682
7683
7684
7684
7684
7687
7687
7695
7697
7698
7698
7699
7701
7702
7702
7706
7710
7712
7712
7713
7713
7714
7720
7721
7722
7722
7725
7725
7729
7736
7737
7737
7737
7740
7740
7740
7756
7760
7767
7767
7768
7768
7769
7769
7774
7774
7779
7779
7781
7782
7785
7786
7788
7789
7791
7793
7793
7794
7795
7795
7799
7805
7807
7809
7812
7813
7819
7819
7820
7821
7825
7827
7828
7828
7829
7830
7832
7835
7839
7841
7843
7844
7847
7849
7850
7853
7854
7855
7857
7858
7860
7861
7862
7863
7863
7868
7868
7868
7874
7878
7879
7880
7882
7883
7886
7889
7890
7892
7894
7904
7908
7908
7909
7911
7915
7916
7917
7917
7920
7925
7925
7926
7927
7929
7931
7933
7934
7938
7946
7946
7948
7949
7950
7953
7954
7958
7962
7963
7963
7964
7965
7968
7968
7969
7972
7976
7980
7981
7982
7986
7988
7989
7990
7991
7992
7993
7994
7996
7998
8001
8006
8009
8009
8010
8011
8013
8013
8016
8018
8019
8019
8020
8021
8022
8022
8024
8025
8025
8027
8031
8034
8034
8035
8036
8045
8048
8051
8051
8053
8056
8056
8057
8060
8061
8061
8062
8068
8069
8071
8072
8082
8083
8086
8087
8089
8090
8093
8094
8102
8104
8110
8114
8115
8117
8117
8122
8127
8128
8130
8130
8131
8134
8136
8139
8141
8143
8144
8146
8148
8148
8151
8157
8158
8160
8161
8165
8173
8177
8180
8183
8184
8187
8189
8189
8192
8193
8194
8194
8199
8203
8206
8206
8209
8209
8210
8210
8211
8213
8215
8216
8218
8218
8220
8221
8221
8224
8227
8233
8235
8235
8237
8240
8240
8240
8251
8261
8261
8262
8263
8264
8268
8274
8275
8280
8280
8281
8283
8284
8285
8286
8286
8288
8291
8293
8293
8297
8299
8303
8304
8305
8306
8308
8310
8311
8314
8314
8316
8316
8324
8324
8327
8329
8330
8331
8333
8333
8333
8334
8335
8338
8339
8344
8345
8348
8348
8349
8352
8353
8353
8356
8356
8357
8360
8364
8365
8365
8369
8369
8371
8372
8375
8376
8381
8381
8382
8384
8385
8391
8392
8392
8393
8393
8394
8401
8401
8402
8404
8412
8412
8413
8416
8417
8418
8418
8426
8428
8439
8441
8441
8442
8444
8445
8446
8448
8454
8458
8460
8462
8465
8467
8467
8468
8469
8471
8471
8473
8473
8477
8478
8479
8484
8487
8489
8489
8489
8493
8495
8497
8499
8500
8500
8503
8504
8513
8515
8520
8520
8521
8523
8523
8527
8527
8527
8531
8532
8532
8534
8535
8537
8538
8540
8540
8545
8545
8548
8549
8549
8550
8555
8558
8559
8564
8564
8565
8567
8570
8570
8572
8572
8572
8572
8574
8578
8579
8584
8584
8585
8585
8587
8588
8591
8598
8600
8603
8603
8604
8606
8607
8608
8610
8612
8612
8621
8621
8630
8633
8635
8637
8642
8646
8647
8649
8656
8656
8659
8659
8663
8668
8672
8673
8673
8673
8674
8676
8676
8677
8679
8680
8683
8686
8688
8688
8688
8690
8692
8693
8695
8697
8697
8698
8699
8702
8704
8707
8708
8709
8709
8710
8711
8712
8712
8715
8719
8721
8723
8725
8725
8726
8730
8731
8735
8737
8740
8742
8744
8745
8750
8751
8751
8752
8755
8760
8761
8763
8768
8769
8771
8772
8773
8776
8783
8787
8789
8791
8795
8796
8797
8798
8798
8799
8802
8802
8805
8806
8810
8813
8816
8823
8823
8823
8826
8831
8831
8838
8838
8839
8839
8840
8842
8843
8843
8845
8849
8852
8854
8855
8856
8856
8858
8859
8861
8862
8865
8869
8872
8874
8881
8882
8884
8890
8895
8897
8898
8898
8898
8901
8906
8909
8914
8915
8916
8917
8917
8918
8921
8926
8930
8931
8932
8941
8942
8942
8944
8944
8944
8945
8947
8948
8949
8949
8951
8953
8957
8961
8963
8964
8966
8973
8977
8979
8979
8983
8984
8988
8988
8996
8997
8998
8998
8999
8999
8999
8999
9000
9000
9001
9003
9007
9009
9009
9013
9015
9016
9018
9019
9023
9029
9029
9031
9032
9033
9036
9038
9038
9040
9040
9041
9042
9044
9045
9049
9052
9053
9055
9057
9062
9063
9065
9065
9065
9073
9073
9081
9082
9083
9084
9093
9094
9094
9094
9098
9099
9103
9103
9103
9106
9107
9107
9109
9110
9115
9115
9116
9118
9118
9120
9123
9123
9123
9126
9135
9136
9139
9144
9144
9145
9147
9147
9155
9159
9161
9163
9166
9168
9168
9168
9168
9172
9173
9174
9174
9179
9188
9189
9190
9191
9191
9191
9192
9193
9200
9202
9205
9206
9218
9220
9221
9222
9222
9224
9228
9228
9230
9230
9243
9244
9249
9250
9251
9253
9254
9256
9257
9264
9266
9267
9268
9269
9274
9274
9276
9279
9281
9281
9281
9282
9283
9284
9285
9285
9291
9295
9296
9298
9298
9302
9309
9309
9313
9316
9317
9317
9320
9321
9323
9324
9324
9327
9327
9328
9330
9335
9336
9338
9339
9339
9340
9341
9342
9345
9347
9347
9348
9348
9348
9349
9356
9359
9360
9365
9367
9367
9369
9370
9372
9372
9373
9374
9379
9380
9382
9382
9384
9384
9394
9397
9399
9400
9401
9402
9404
9408
9414
9415
9418
9419
9422
9424
9425
9430
9430
9430
9432
9433
9434
9436
9438
9439
9439
9440
9440
9440
9441
9443
9444
9444
9445
9449
9454
9456
9458
9461
9465
9466
9467
9469
9470
9470
9471
9473
9473
9475
9478
9478
9478
9478
9481
9483
9484
9488
9488
9489
9489
9492
9493
9494
9496
9497
9498
9503
9503
9507
9511
9512
9513
9514
9516
9517
9522
9522
9524
9524
9524
9528
9530
9532
9535
9536
9542
9542
9544
9548
9549
9549
9555
9556
9557
9560
9561
9562
9564
9564
9570
9571
9575
9578
9579
9579
9579
9580
9581
9582
9584
9588
9588
9593
9593
9594
9594
9596
9596
9598
9605
9607
9612
9614
9615
9623
9624
9625
9627
9631
9631
9634
9634
9634
9634
9644
9646
9647
9654
9658
9658
9660
9660
9662
9663
9663
9664
9664
9671
9672
9673
9673
9673
9676
9678
9679
9681
9691
9692
9695
9695
9696
9700
9704
9706
9708
9711
9712
9717
9721
9723
9731
9734
9734
9735
9737
9740
9742
9744
9745
9745
9745
9747
9747
9753
9755
9757
9758
9763
9766
9767
9772
9773
9774
9775
9775
9776
9780
9782
9786
9787
9787
9788
9791
9798
9800
9803
9805
9809
9811
9811
9812
9818
9819
9821
9822
9824
9825
9828
9828
9830
9831
9831
9838
9855
9855
9860
9861
9867
9867
9868
9868
9873
9875
9877
9878
9880
9881
9884
9885
9885
9888
9888
9889
9889
9889
9890
9890
9895
9896
9897
9898
9899
9900
9901
9901
9903
9905
9906
9907
9914
9920
9922
9922
9924
9925
9925
9928
9933
9934
9934
9937
9937
9939
9940
9942
9942
9944
9946
9946
9949
9950
9951
9956
9957
9958
9959
9959
9961
9961
9966
9967
9968
9971
9978
9981
9981
9982
9984
9987
9987
9987
9987
9990
9990
9990
9993
9994
9996
9997
9999
