-2495
-6605
-3376
-1682
-6065
384
-5376
1137
-1113
9327
-528
7989
-9312
1225
552
-9476
-8556
401
6457
-3397
6599
4629
8532
-6283
-4351
2612
-2366
-1244
-4107
6782
4743
9631
-5088
-5505
-2221
-1730
-1876
-1293
2836
-3110
3599
5716
-6868
-9542
-9891
6399
7981
1418
-4284
556
7432
3961
-5681
9188
-6541
1612
6987
-474
225
-896
4825
-5990
-3978
8394
-916
-4355
-5874
-3530
747
-2822
-6857
-6507
6043
6002
4826
-3199
-5926
8802
6915
5513
-9741
1301
-9362
5540
-8423
-3216
-3931
-5814
-9294
-3230
5439
-4494
2892
143
-1110
8865
546
1190
-5922
-515
4610
-1697
124
-9652
1207
8110
-5887
8538
-4361
406
-900
4815
4570
-5839
8117
-3867
4984
-5020
-8378
366
1447
-6167
-4939
-3924
1845
-3402
5157
2174
2067
7908
-1735
2575
-5261
351
-1183
2698
-4010
-1887
-7241
2475
7585
-3556
-4616
6444
-2210
-8354
3439
9244
8635
5349
-9297
-2163
1201
6061
8227
8093
-1257
2412
7060
-3931
-6852
3952
-758
-6794
-6934
-1487
-601
1637
813
-3643
3771
-7946
491
4376
-2123
-8319
6231
-8974
-5629
6753
-5000
-539
-352
6342
-5425
4774
-8916
-8863
-6421
-1062
-9648
-1980
1232
5795
-2094
3924
1344
-9564
-2158
9115
-7886
-4087
3948
3807
7126
9107
-4939
-1666
3472
9449
5179
-8131
-53
-7962
4472
-939
-6998
550
1751
-49
1150
2158
3680
-4970
4125
-4612
-1273
2141
-8057
2900
-3342
3253
1732
-733
-8797
7480
-1456
1327
-5717
6900
-5135
-5936
8890
-1581
-8601
-6592
-4057
-6518
-8726
7260
7972
-7353
7620
-4028
-6940
-3724
3067
6564
5557
-2871
2474
7052
7660
7916
-7511
9660
-1497
7786
1781
2265
8458
3031
2390
2338
5925
1219
-5479
-9690
-7556
-7036
-4477
3683
-9009
-4395
5132
-3683
-1211
9016
-7124
3836
7683
3535
5856
3257
2605
9987
-6244
5195
6194
1246
-1145
1646
-2945
5586
6861
-5618
8426
-5893
-9555
-6051
375
5121
-938
1929
6688
-9943
1400
-5622
-1498
-3793
5241
-8969
-8352
3661
-6568
-7199
9099
-797
-9743
-809
-4948
7294
2394
5048
-3078
7202
9942
-3057
-1521
7125
-8643
7093
-6977
-9576
8445
3322
9367
6911
-1677
-2567
2136
-6083
-791
7341
-6586
-5042
3980
-430
3358
8944
5071
8731
-3899
-3259
-9412
-9499
3045
-2914
55
9285
-3376
9644
276
2885
2070
-6835
3130
2536
5094
4769
8604
-71
6184
-2253
2438
-4001
1263
4010
644
-5493
5605
-6329
257
-8696
-1298
-2263
4212
-7126
4951
-2349
-9950
-6987
8209
1573
2027
-5520
1969
-5371
-9060
2453
9706
5950
-4865
6061
-2712
-1618
627
-3402
-3918
-8474
-9942
-7890
-89
-8242
-3485
-3452
-6743
-1302
-7738
2505
-317
1593
-4132
6150
6411
-4254
-1152
-1431
151
-2134
4105
-9175
922
9745
6155
115
-2166
8128
8467
9253
7529
-4289
7737
-4797
3978
7889
-3621
-5625
9189
4532
-1710
8500
6795
-3932
2357
-1631
9470
-60
-7367
-9841
6834
1206
3899
3332
-1083
5290
7249
-5653
-7088
-2410
4287
-7598
7931
-4574
7309
4404
-2585
-5657
-685
2898
4771
-9776
6916
5176
-8828
6160
7698
1170
-2422
-7191
6600
7460
9663
-1620
-2471
-80
-7131
-9798
-7098
-9620
-8711
-3087
-3962
-9079
-6273
-7814
2043
-3521
6758
8795
3446
4394
-5098
7847
-8583
-5756
-9108
-1606
3279
-6529
-1309
-7023
-5282
5702
6862
3071
7992
-3571
683
-5553
-8087
-5391
-5164
2871
2667
-8533
-3905
-3522
-1710
1042
-1611
-7159
-7883
9671
9740
2986
930
3387
-8367
8520
3527
-4124
3098
5792
-2325
-9341
9397
5158
-8718
1525
-8531
3168
6255
-7677
-4549
4370
-3716
-515
-6704
-5735
2131
-3939
1433
-9166
-6617
8441
-3463
6520
-2107
9478
7522
5433
1019
9082
4159
-1225
7204
3264
3660
-8843
-9892
-3667
6065
-763
4183
-2307
8906
-3330
-6174
-1739
879
5215
-8251
-1154
-7668
8702
-3752
6435
362
-3056
-6184
-1253
-2042
-67
4318
-4334
-6056
6366
9588
2512
-361
9007
-2092
9057
-6160
1995
9875
5332
-9868
7958
1581
4187
-6093
4748
-1649
-6888
9776
-4330
8881
6262
2995
1556
1169
2937
-8653
-8100
8304
-130
6312
1935
3198
455
2471
-1055
-450
6835
409
9880
-1900
-9766
7621
-5965
-351
-5824
-4164
-4691
8752
1523
-5675
-1987
-9369
2119
9254
-9867
1105
8402
1575
-6101
6035
1266
-7861
-2340
-5337
-7520
-3704
-3030
-1471
-8046
-1594
2501
5193
1153
1371
6581
9135
-3702
-8012
-2627
401
5324
-4730
-8642
-7672
8218
5716
6561
151
-8393
-5069
-7596
8642
2937
-8261
-1135
-2956
9360
1922
-8222
-8277
-2208
-3197
-2614
-8870
-6553
-2973
-1138
-9672
6975
-9055
-5790
6643
-2197
2858
-7175
9320
3011
-4193
-7145
8087
-7366
7144
703
-4411
-2273
-8354
6566
-9224
8013
-7759
4968
-9596
-6105
-2657
-6485
2636
328
7597
-9327
-3536
-3060
728
644
-2326
-4001
-4551
476
4737
7652
-1673
3360
4579
-2868
-7939
3872
-2061
410
4027
-4921
-2001
-8308
-7179
-8666
-78
883
5532
-1519
-6862
-8230
2264
-1523
-5811
-8815
3748
6388
-6586
2560
4818
8977
8984
1941
-9763
-5838
9907
-6673
2943
4660
-1328
-2154
-6664
6043
-1483
-7238
-9896
-2257
-257
3869
-4025
-2758
-4855
-5390
8417
5758
-9739
8607
8018
1394
-4955
4333
265
1129
-5574
8838
-995
13
-9152
-9461
9224
-3332
4787
-8473
4256
-5304
-2326
4426
-4104
-941
8094
-8645
7441
-5843
8845
953
-7893
589
-1650
-3423
-3789
-3366
-7821
4865
1181
6150
7169
-1389
-9529
-5801
-8498
2641
-9276
1296
9009
6103
5832
1752
5526
-5807
1811
-2145
-1262
-2761
8392
-4505
3262
2606
-5885
834
-6231
2002
5554
6153
-376
-1455
2499
3396
555
-5897
304
2696
9993
-6717
-2730
3345
8692
-3640
4646
-9295
8697
5079
8233
-4810
3951
1921
2671
-9252
5934
6023
5496
6589
9284
6304
9884
9745
1088
-1350
9658
2729
4488
4602
4130
-7196
1281
1375
7436
7564
-2669
4480
7654
-2807
-7598
8127
1947
-7229
7687
6351
-4618
-6071
-2433
9593
-7680
7136
7593
5802
6225
2471
3583
8021
-8576
-8633
-4298
983
-4952
-4653
3002
-1761
4591
7779
5866
-7888
-4058
2264
6611
8823
8489
8401
247
7423
2988
4320
-3509
-7313
-645
3721
-1596
-3743
-3053
2383
-275
9001
9384
8532
-6918
426
5530
-8984
260
2434
-2549
-2923
1876
4890
-1451
-676
-4957
-1387
2432
151
1630
5379
-4686
943
8917
-4625
-2632
-2228
7302
1672
-747
8057
8676
688
6123
-4892
7868
-9986
2593
-394
6021
8672
8274
-6534
6824
9228
2687
5928
5566
7825
3865
9555
-2346
-7988
3749
-5518
9828
-7587
-4740
6881
3126
-8179
2473
1764
-3365
8330
5933
-4447
-7939
-4537
-4585
-6178
-6666
9933
-5810
-9026
6847
-9988
-2523
6382
6547
6600
-6233
-4931
2309
-5746
-6417
3838
-1491
-7181
-2731
-2769
7062
-3397
3273
-9355
-3201
2284
-2895
-4229
6994
-5486
4093
9243
8771
-7330
7122
6116
-6719
-5808
7768
970
-1145
-5291
-7287
7795
7402
-2705
9041
-1740
394
8489
-6195
-4738
-2411
4866
-9935
-3701
1175
-9215
3222
9342
-6546
-7003
5554
5210
-5246
6090
9347
5387
413
3393
-445
930
-7664
9042
-2064
-4475
-7421
-5796
-589
8737
-1192
-3662
-8136
-257
-885
-8544
-7418
-5878
-7205
-9733
-6613
281
-6121
-1521
-9774
-677
5234
1247
-2522
7643
3063
3219
-5854
-6771
3164
-979
-6296
134
-8727
2024
3623
-7088
5019
-4556
7653
-94
-7169
-8011
-3023
-3223
-3233
130
5913
7968
9984
6840
-5206
-9435
6579
-191
-2191
-3484
5671
-205
-8568
7088
-638
-5251
-193
9767
5414
554
-9808
-5335
497
187
8045
7615
-4175
4562
-304
5756
6040
-5265
6830
4547
5559
-1950
9647
-801
2677
1877
-474
6639
-7197
-8462
2168
2166
-5017
-6778
3380
-667
-9575
-4105
-7022
-8725
-9321
-513
-7450
-7475
1966
6126
6860
4294
1729
2739
-9155
3722
1015
9594
-1021
-9491
-6390
-5809
-5413
-2341
-6408
-5283
8193
-9855
-7162
-7803
-5701
-1066
5368
-157
306
9982
-8749
-2119
2821
3452
-2394
4064
-9801
-2699
-9152
-631
2979
-585
-7730
-2763
5513
6419
-655
-3155
-4373
-6597
9038
5793
5685
268
-9463
-8675
4011
-8996
-6585
-3725
2515
-2213
7111
-6256
5253
7410
-236
5164
-3399
9440
1252
7188
5536
6194
7774
-6630
4926
-9748
-7558
-5241
-5182
-9746
-182
4866
687
5870
1124
8558
-9892
7656
3346
-1135
2849
-7102
-6378
362
-4852
-5482
7950
4144
-9425
-9527
-5815
-4242
5777
9440
4432
8117
-2890
-8330
2824
-7994
3523
2859
1310
8709
-6830
4049
5011
-959
-6396
-6138
-334
-5663
-5618
-6918
-428
6369
-6657
-6413
-6944
4010
1188
-4557
6970
4305
1538
3803
1799
-4271
7008
-28
5392
-1192
2362
-1903
2025
7968
9946
-1935
-5656
3997
8471
9496
225
5338
-2169
8693
6981
3370
-5432
9889
2924
-5839
-219
-679
-6509
3507
8019
-6727
7466
9168
-1634
-682
-7936
8104
-9001
537
3942
2451
3851
-2549
-6763
9251
-1989
3130
-5850
-146
2074
-8277
285
3652
-6642
-2260
2602
-2567
-5386
-4456
7563
-6570
6502
-5518
-1028
-3369
-7962
823
9803
596
-1535
-1208
1434
7087
-3315
1004
7556
2663
9190
4008
9324
3778
7349
-6360
-2130
8686
-9602
6159
3093
8235
6430
-6389
1954
-9456
-9101
-6672
-5270
5885
1105
-8305
7307
-2427
7835
3407
3719
8009
-3685
-8426
9950
-5797
-1057
-8079
-8213
304
-103
2910
8157
6792
9063
3296
-5007
8357
4043
8144
7063
3835
2971
-6065
-212
-2919
8591
9324
-5441
-2050
-7167
-8757
-1115
-3387
6832
1910
-4274
-3686
4282
1149
-8004
-9961
6695
-8734
6533
9106
-9220
-9777
-6037
9828
-5537
-718
-1205
8849
4926
8787
9889
-4150
2647
-8412
1358
5040
-4554
-9847
-2068
-4739
-8742
8953
-8219
-853
-1507
666
-7881
-2347
1167
-6920
6013
1666
-6019
-6779
9205
1616
-1736
-732
-1710
8314
-7307
6065
1987
-1537
1623
-8130
2378
1702
-8476
-2528
9522
2059
-6219
9564
8264
-3906
1941
-4217
-31
762
4043
7769
-7061
1797
4832
-426
-3488
6765
-6399
6764
1223
-3139
3442
9542
-5566
-4772
-3767
9461
5332
-2574
7440
7025
9408
-3500
-6531
-4382
-913
6617
5910
-2592
4819
6098
-940
-7621
-6602
-9807
-222
-2823
-9116
-9436
6766
8199
-8911
-2514
502
-8528
-6124
8612
295
6755
-8246
-2153
6188
6520
-7185
2095
-62
-3245
-6731
-2812
3860
9192
5816
-4451
-3436
6837
2385
7004
-4311
-8160
-82
-9149
-267
-7066
-3605
-9723
5902
-9467
-5040
5641
9161
1166
4978
-8829
4345
7767
6254
6754
-9457
-7319
-4079
-6390
4928
-3319
-2473
-8950
3007
3228
2137
-666
-8313
8062
7141
-6433
-551
-9349
6088
342
-4978
-8643
7645
4596
-4550
845
-5607
-6240
-3880
-3361
-1716
371
8404
-179
253
6629
7577
3905
1778
-1986
4891
-1216
-4335
9961
2211
2406
-6341
1500
-6613
4212
1789
-2869
-1642
8996
3358
1231
-1011
-7897
6082
-6430
426
811
-448
9000
-835
5118
-7346
6242
-7579
9831
-6115
4141
974
9914
-1966
9172
3669
-3050
4863
2654
-7868
-4538
-8158
-6663
4484
2822
-3248
8365
9627
-4868
-9491
-4364
787
2127
-3484
-4509
-8413
-2792
-6483
7120
-9679
4244
5960
-6588
-3654
-37
-8879
8565
7857
-7984
9584
2215
-258
9951
8393
-8361
-5717
4266
-2011
-3209
6956
3274
1075
-5658
-4377
2804
19
-8253
6917
177
383
4955
4968
-3308
-658
-9919
516
9497
-1873
-4245
2655
-2377
4715
3981
-8983
3651
-9960
4964
-6305
-9596
5069
-8234
3204
-9804
1309
-8109
-5343
-3215
-8889
-2274
-9866
-400
-1157
-8330
-2353
9471
-8039
1318
-3909
-1345
1357
1280
4228
-157
-6402
2735
-7294
1862
2303
9110
6169
-7043
-4622
8949
-2376
7653
-8039
-6121
9456
4777
644
-8943
3263
-7208
8961
5522
5795
-1190
-614
4741
-4789
-2516
-2657
-1846
-9122
-8602
-2558
5960
154
-9331
1339
8418
-7615
8180
997
-3316
2518
4758
-4424
-974
9949
-4831
9323
6569
833
3655
9524
1452
-1509
3917
-5900
2743
-7249
-2594
-9500
7007
-8391
-7695
-1963
-4232
-2112
7543
-6056
8805
9734
-2013
8915
-2906
-7847
-994
7948
3556
7259
5507
6706
6957
6721
7210
-8508
-7145
7934
-4400
-4250
7809
4891
9136
7880
-9873
-4310
-1353
1912
6829
7228
-5272
-5208
8051
9402
-639
-5202
989
9073
-4168
5235
-7987
8545
2998
3123
6664
7617
-9188
-3955
9692
557
1041
-4306
-7973
7678
5023
-2785
-2263
-2653
-4471
-9350
9473
5815
5374
-5874
8143
433
-623
9634
-1213
7986
284
7593
8027
-1942
-5764
375
9958
5917
-2269
-5438
261
-3372
8584
4334
7541
-76
-7678
5474
-9350
9812
-6650
4973
5686
-1679
-992
-5023
7025
9516
9888
9000
2251
9811
3039
4371
-4614
-290
-2389
5754
-1285
-9894
-4631
-5287
-3795
2820
4987
9029
8826
6440
-3736
5137
-6132
-272
-6610
9560
-2518
1036
5503
-3009
-9980
-8397
-706
-9124
7998
4236
-3850
-9441
-414
-2642
-4357
9103
-7379
-6781
-6350
-1033
7583
5648
9959
-5603
-4662
-3217
-5173
1961
1474
6853
5068
-2608
-7199
-4641
-4777
-2927
1283
4635
6051
-7422
6800
-8223
-5824
-6578
-4037
9163
-3625
-4367
7383
5555
7319
4207
-1017
6886
-8166
708
-5033
1029
1361
3340
373
5188
-3998
-8506
5155
-4129
3550
9787
-8186
-4395
3787
-7096
-9448
642
650
2957
543
-1125
9465
6456
6783
-5354
-1568
8177
-3414
259
8165
9348
-7927
-9784
-5843
6760
9094
-5898
9772
4605
1459
-3308
-7941
-8359
240
4310
2036
1013
-7966
2681
2921
-7476
-858
-5341
-1189
-6989
-1300
4913
-1713
-183
6184
-4563
-5496
-7814
-7836
-236
-5117
-3576
-4090
2247
9155
3137
-2413
-7811
5475
-1679
8570
-2482
6831
-7620
2075
4613
1482
9109
8376
-5520
7483
4364
1818
-4667
-3848
9990
2238
-9060
-296
5101
2959
-5136
-4907
-9197
2781
9483
-6229
-1375
-9692
3722
-2056
-5929
1287
-7602
-7631
829
1983
3623
224
-3438
1672
3504
-8549
1500
1733
8799
-7332
7698
-9298
-4541
4222
-4540
210
-279
-7529
-3975
-4987
-4457
9430
-86
-3759
4863
5058
-1701
6547
7517
785
-346
5990
8783
9433
-7130
9755
-9391
-3485
7625
-3059
-3772
5436
8914
4339
7335
-7399
1278
-7449
-8024
-3276
-2711
9634
9868
4329
-8561
6461
-7108
-7688
-5640
-9536
-2854
1588
577
-152
-4940
-5097
-6507
-3828
8418
6066
6457
1869
4720
595
2619
9906
-6293
-6605
7290
-1641
-4520
-1699
8725
6058
9800
-6797
1179
-8445
-633
2546
2064
-3912
-2437
466
-417
-5520
-328
-9166
24
7610
507
8013
113
7964
7303
7641
2132
-5431
277
-266
3660
2119
-6865
9901
-3889
2770
-8007
-2631
3495
8843
6834
1361
781
7325
2931
-4641
1191
3386
-2558
-7135
-5251
-7613
8637
-3594
420
6557
4272
-5634
-8534
-505
-2534
8520
192
3553
6714
-3837
9700
7091
2913
4026
9029
-5883
-7155
7398
7009
-4957
8158
-6361
6552
-3313
-3548
1538
3350
-5873
8852
8056
1494
9434
8715
-611
670
-9892
2411
7917
7200
-750
-3133
1763
-4433
-2834
2559
-1540
-1968
-7450
6734
-6961
72
-7540
7204
4600
-5043
6305
1700
1292
-5148
8735
-1749
474
-8481
-2126
-8364
7075
3366
2962
6933
-9996
2117
-8471
7883
-9191
5029
1532
3117
9374
-7208
-5971
8704
4954
-6748
-136
2940
-9493
-3729
1742
8712
-8926
-3225
-2567
-953
3359
-6767
3272
3539
1033
7145
2321
4393
-4169
-1851
-5177
7082
-7677
-7237
-311
-1780
-5570
219
7071
-6319
3989
-8385
6159
5195
-3681
-1347
-7274
612
-3175
-4675
6612
-2442
127
-8819
-8112
-6900
-964
9819
6218
-9902
1784
3462
2392
5819
-9033
4730
-2559
3071
-9054
7411
8006
2402
-3509
7438
-9917
5235
2809
-9094
4331
-5032
1650
1498
-7674
-3465
-5134
5999
7099
9897
740
-3489
3143
464
7969
-6471
-1243
-6603
5635
2793
-9168
-7939
-1353
-1364
-8134
-9164
-3475
594
8649
-7674
6251
-305
3432
1557
9925
6632
-5452
1494
2927
-2362
8160
24
-9264
-4832
-7705
-3935
2896
-4251
-4531
-1016
-7060
-8618
-4465
4819
-3318
2896
3686
2950
9512
-1354
2022
-732
-5143
737
6363
4191
7068
-3333
3623
-944
2924
9867
-4852
-7632
5412
2239
8973
7130
-390
-1154
-2738
5855
3240
-5076
3724
-6860
-2490
7487
-7719
-309
-8570
5784
8918
298
-3736
4873
-2002
-7597
7080
4280
521
3359
-1279
-2672
-587
-7074
-8604
-8378
3761
2262
-2734
-7099
7468
2060
9269
9868
-5438
-7910
-37
8444
5094
-8082
9250
-8609
7334
-4264
-3534
772
-3644
-7056
-2563
-2099
-4238
-8945
-4980
9094
5488
-4161
-2441
9956
-170
6383
3539
-7535
2992
-696
-8411
5406
9430
-6130
8413
-4462
8882
4937
-4294
-4239
-1374
-4246
-361
2268
-2212
1752
-2573
7702
-723
-838
-1985
1081
1252
-3799
-4298
6974
-7928
8772
7954
9939
-1908
7484
-6338
9118
-8295
156
5643
3275
-6769
3097
-1290
-5290
-1999
-987
9511
6805
246
-7942
-8694
-3228
4192
7908
8751
3110
4700
7701
-737
-9711
6490
1699
-9999
-8174
7300
-6896
2053
-2200
8316
3436
542
-1486
-896
-6826
3327
-801
9103
-3891
7298
-7264
5144
5473
39
-782
1639
-4493
-8972
-8786
1217
-8145
8210
6927
-1774
4325
896
-5255
-4778
-3117
-6275
-7728
-4221
2736
-7836
-8414
-2127
-9700
-8906
9276
4130
-1745
1111
171
-3856
-8335
4696
-3539
5741
2604
6083
-353
2325
-3707
8572
-7325
-7124
-9060
3773
4974
-2977
5567
-2255
7561
-9902
-8519
9673
-1194
8189
2574
-5429
-690
381
-26
-804
-3603
4495
-9760
8859
4011
3625
8316
6425
-9535
3969
-1982
-9174
8763
1534
-1647
7428
-790
911
4878
2361
2707
6115
-5328
-9881
-413
7712
-7543
447
2024
-2434
-8984
3247
-8769
9372
2045
5547
4612
4887
-3014
-7328
4767
1695
2706
-3000
-9786
458
-7404
1080
5067
6811
5187
6569
-7918
2210
3053
5323
9166
1083
6558
-2980
-1689
-3892
-241
-6864
-8048
-6019
-6953
8726
2996
-4467
6591
7117
803
-9932
4069
-1395
2121
-528
-8481
7929
-1185
6850
4723
-307
6714
501
-8798
4798
-4818
-3428
1725
-2714
8213
-4880
-8298
9191
3467
-2039
-7629
5554
-4559
8286
-9372
8548
8184
3165
-4311
4538
5508
-4901
7081
-6973
1178
2605
4658
8022
-6504
-2298
-1035
-1414
-3424
-5186
-1966
7904
0
-6129
6648
-4034
8019
-1510
3827
5680
9200
-7734
3796
3984
2729
-7158
2876
-2930
-3373
6039
4712
9415
-8242
5403
-5959
4216
6550
9695
6647
-7343
-6790
-5732
-7387
3335
9380
-3742
-2568
-36
-2308
-6266
958
-7766
-7599
4108
-5536
-9423
-1447
-6100
-2403
915
8206
2177
-3478
5558
-584
-129
2762
-8242
4749
6038
-5429
6938
9221
5955
-1549
4710
4307
8448
6481
-1749
-6960
-1722
-4810
2806
6181
-3347
6372
-8717
-23
-6418
4845
3845
-213
7962
7021
-6691
-7099
-396
-6740
7393
3558
8130
6451
3540
-6421
7949
608
1927
-9329
4132
-7174
5634
-2798
6445
2866
-1913
8813
523
6254
4256
38
9575
-5051
18
408
6209
4134
6725
-1007
-1946
-6694
6695
-3772
9579
1468
1749
6464
-5297
-6369
-4102
-1564
1968
9735
-2789
-4485
38
-5550
-7658
5178
-3391
3457
-8934
-703
-7654
-4426
-3928
6892
-9945
6213
4476
4020
-6521
6819
-6997
-5099
-7769
8056
-5113
-151
-9501
-2042
-4015
6986
310
4206
3359
6506
6175
7737
-9797
-4675
-9734
-3757
-4147
8360
-960
-3252
-7723
-6982
-1526
5703
4479
-8009
3403
6692
-6873
9340
-2316
5833
-9250
-9322
-6478
8187
145
-2916
1801
-6732
9855
-4589
6388
-1538
-3314
8895
-5031
3428
-4596
2422
5415
-8177
-6931
-9837
8776
-5922
-360
1894
-4650
5968
2192
5911
5057
4181
-4773
8983
1639
-7055
-5337
-6394
799
-4276
-2434
1362
-9627
6776
-2292
593
-1791
9780
-1159
-689
1558
-6339
3246
-4066
-9370
4369
-6197
-8987
-7549
901
-9894
7442
6613
-8680
-123
-1414
1135
2677
688
-7087
-8872
-3692
-2181
5743
-4630
-327
-8675
1645
-1095
6978
-4815
86
-4704
6578
-9726
3229
-6518
3481
-8154
-420
3875
8082
8751
-4243
-7660
-3872
-2365
2617
8773
-9375
-4987
-4012
3278
8656
-414
-2586
-9486
2484
4674
-5262
-91
-5231
-9673
2071
-7512
-7984
-9412
-2904
-2006
3525
333
-2568
9753
-6996
826
-3203
-9156
-9577
-7091
5671
472
-6850
-1011
-5399
-6058
4996
3647
-8085
-1287
7309
-9337
-2480
2156
7410
-6335
2426
-4940
9867
-1593
-9108
690
1987
5299
7596
2345
-132
6949
-1411
6403
-8582
8263
6517
-5085
-711
6959
8823
5542
-2399
-710
-2550
1005
7031
-9038
-3330
-7280
-3854
-6115
-5208
-220
-9997
-6065
4000
9444
2086
9118
-6274
-8962
6459
-1664
-207
-1031
-3834
-4119
3839
9488
-1715
-340
8020
9422
2073
-2709
-3028
1051
-4288
-3570
-2761
-5863
4682
-5422
-3550
4165
3967
-6079
8740
6488
1970
-8438
-9137
-5028
-7908
-1398
7011
-5033
7152
8324
171
2471
2025
4773
-4824
-6998
7353
8949
-379
-4154
-129
-3963
995
408
9612
5622
2456
1704
8710
-5114
4212
-2337
-8793
5303
4933
-6611
6253
-9990
-4017
8061
-7570
-5819
3727
5012
-3514
-7623
6407
1274
5937
-4126
6976
-9991
-1900
-6847
8869
1945
-6233
-8167
-573
-6676
-7906
7215
3021
-5624
-4426
4594
-6769
7330
-5867
-3977
-6864
6728
-5358
-7765
9946
-5003
9987
-2514
-197
-3510
-5676
475
-5865
2134
-9439
-20
-4183
579
-2165
998
5549
-2998
2466
8060
2550
1960
-5420
1286
8478
-7408
-914
-517
-6176
1617
-1672
-633
-7094
1769
-7994
2037
7164
-3049
230
5601
9528
3058
4351
-8134
4993
-9220
9285
6088
7925
-8708
8136
-756
7499
-4490
2209
-8624
-5369
931
8291
-1893
-113
-5301
-5771
2496
6268
-3355
-1332
-5110
-7266
-7012
-3381
5434
-4172
-1020
-1046
1079
-9363
-7652
5809
3283
-5945
-3313
-6270
-902
4486
-6141
1207
-2528
-3564
8489
207
-801
-4825
-4059
-8940
-3696
-6748
-9851
-225
-9771
-4291
-4850
-2814
-3008
4646
-3845
5307
-1555
-4536
-6222
5744
8608
6074
7713
-4990
8659
440
-8317
-6678
-3825
-3748
6573
-3265
-9194
-5283
2838
-9257
-9661
-5168
-9539
9316
-133
2278
7541
3009
-3641
-6210
1423
-5623
-4580
5568
-7615
-3261
500
-8895
-606
-1663
2269
-650
3536
1309
-4288
-5307
1492
-4778
-67
7010
-6682
-4622
-4291
-1847
-6242
9467
5735
194
7785
-4240
6131
-7148
4684
-6727
8861
8796
4257
-454
1071
-218
-8563
404
-7156
8189
-9105
4981
7841
7163
6086
2810
-9538
-7531
1810
7427
3903
-9466
4901
-4772
-5374
8721
5221
-8909
5011
-159
-3946
7779
4625
1607
-265
-3750
-6519
-8093
-8631
-7331
-8188
2736
8549
-3689
6606
-1446
2881
-6761
-6570
-5832
-2554
-6051
-6809
-77
-6935
-6368
5733
5370
3391
-6702
-5239
1748
-2201
1477
5066
-3115
-7763
-1330
-1179
-6244
5028
-4969
6895
8587
-3106
-5649
-5069
281
-9718
6704
4329
9084
338
-6306
6583
-3463
3058
-4426
-3117
-817
-891
1588
1090
-5367
-2319
9673
5664
-1015
6594
7795
3940
-5419
-4480
1070
6880
-2459
-3984
-9034
8345
307
7307
1490
-4538
-1436
-9774
5466
7684
1498
-6492
-660
-4195
-5278
-6892
-8329
-8914
-6186
2568
-7205
764
-3898
-3581
7471
-6960
4759
-345
398
-8623
-9489
2867
7782
2221
-996
6220
6186
3691
-450
827
-8470
6316
5962
2464
-2211
-8428
-8954
-9233
-8283
3972
4116
-555
3969
3539
3077
-6684
-3544
6651
-5736
4444
-3933
-4816
-9982
-3187
-1019
4865
7137
8148
-8827
-8783
-7512
4818
-6072
4793
-8725
-6648
-2298
-2663
9898
6562
-2222
8921
-5803
9564
-3802
7153
3760
-8692
1134
371
7863
-3086
-253
5710
-9140
-9922
-1046
-5449
-4204
-8101
-3738
-898
-8589
-6863
3655
-9318
-3905
-4897
-5247
-5725
6140
6749
-497
9065
-2103
2277
4251
8381
-289
8048
8024
-2819
-4365
-8589
7087
2546
3349
-7888
5740
8942
6587
-8127
-3473
135
-5888
-8304
-3627
9356
-727
8083
759
678
-4453
-1993
9475
5076
-3773
3530
-3834
-40
6195
-8220
9997
3801
-1802
170
-5654
-3436
-9918
-6281
-5530
3192
5884
-7792
-8137
-3578
6057
9220
7166
-8430
-8457
-716
-3222
1358
-3213
3185
894
3248
-3445
4473
3102
6683
2619
6232
1828
-3795
8963
-9599
9660
-3880
1669
709
521
8688
-6292
6061
-6996
-7280
1028
3026
-2002
9120
-5252
-2452
8329
-8507
3707
6690
-2160
113
-2388
-8063
3844
-90
-7498
-3333
1332
-4906
-677
-3722
-2999
3985
1530
-6191
-1139
-2975
-4200
-1792
2487
7623
-9612
-596
-5529
-7491
-1690
-1606
-8960
9404
6317
660
4186
1323
5983
5994
-3287
-6056
4818
3766
4917
-3503
749
6856
3331
-5686
9723
7506
671
2452
6063
-6923
2636
3036
-9368
-3863
1270
-5681
-7236
2958
6646
2598
6234
-8753
-5034
587
-9457
-9821
9696
-7515
5871
-1824
5848
-5725
-611
-3440
-5254
9905
3469
-7719
8412
2956
-9172
-9933
-1070
-1221
-1175
-5115
600
-2450
8053
-8754
2032
-6842
2651
6449
5094
4759
-1417
3456
5726
5056
-8012
-330
2661
957
5992
4408
-321
7163
-4051
-7028
1714
-5052
1303
4602
5469
7105
-3381
4071
-4449
-3598
8001
-5748
-8069
5871
1674
-5657
3640
-531
-6648
4050
-1871
-6658
1796
323
-7831
9478
8148
3742
-8588
6605
5650
-9169
-2151
-7391
-8486
-364
-4600
-3626
-1230
8441
676
4041
-7859
6221
8951
-3089
9013
1090
2031
-1517
7610
-9853
-6234
-8745
-118
7049
5577
1580
-8025
-5768
4347
-7748
-3863
-1650
4477
486
-3652
-7459
6737
-5862
9432
292
544
645
3827
656
-3699
9822
1887
6321
3899
-8432
-2078
-8107
-696
-2836
-1164
9922
1332
428
-7605
-644
-2818
-4754
4537
6755
5479
-7736
-82
2787
9081
-2306
2253
7255
-1916
-6750
302
4326
-3249
-3592
-1933
-2732
-2937
9116
5700
1192
-2994
-2672
200
1802
7828
-408
9283
-7094
-5704
3571
3041
-3539
5713
7146
-3826
3290
1631
7820
-478
-286
6571
6660
-3334
8280
-3379
-1709
-9987
-5321
3420
663
-3537
-1914
-8518
8572
-8542
7767
9878
-4544
-1486
3086
9818
-2320
1382
-8631
-7598
-1114
-8394
2834
1871
855
-419
-5768
-1272
5838
-1148
-1209
-7986
7195
-1878
7290
9940
-1934
8061
-4575
-6579
1284
-1767
-65
-9524
605
-9702
5066
1239
9230
6651
-2350
-5147
-2299
-6238
-4855
6456
-4465
2106
-1403
-2331
5451
-8602
2329
-8517
2052
9536
-9185
2517
6864
4859
194
7702
-5757
-7229
-6766
-4029
-470
-7959
-4567
4771
-4266
1148
8898
7854
-128
-6531
-9865
9961
-9783
-68
6172
-2280
-4229
-2660
-627
-7706
6469
3296
3119
-6605
-3488
7108
-1342
1485
5816
-2632
3847
3706
709
8930
9436
8141
-3029
52
3354
-8619
-4625
1394
-4712
-5863
1163
-4606
-7965
-3746
5550
-9632
-8434
-8708
5215
-3728
3890
4063
2699
-1018
-2672
266
-9194
51
-5585
-5637
-3516
-1726
-4576
7484
-4175
8240
-1008
9040
-6052
-3224
4842
9513
3045
9920
-6385
-1993
19
9338
-2511
5900
-7513
6066
3673
-8083
-1985
1530
-5690
-9600
1503
2794
-7406
-8518
-8212
-6304
-1108
7599
5815
6131
6796
9664
7388
-8944
148
190
-332
-1565
1413
3365
1540
-5956
-3883
-7844
1745
9372
-2145
-7678
-5054
6284
-9683
6080
-186
-2545
-4112
-3056
4809
-4910
6246
5840
-3680
-7013
-9132
1186
1036
9717
-4553
-6889
-1856
8335
2764
4716
2608
3781
98
6693
-2920
-8192
8668
2029
6029
-8171
2468
-3708
2842
-998
-6612
-2373
-4053
164
-9951
-3612
-6036
-3514
7021
-1829
-789
7367
-8038
6646
-1582
465
-9793
2485
-6076
4696
-5964
-2818
-9563
-3328
8897
-4473
-6390
-4224
-9575
-1977
7695
5868
-6102
6896
8559
4423
-9894
826
6322
403
5753
-6379
7
2536
2991
8221
-8053
6621
-2169
3476
-849
-6461
9274
-6236
-4635
5687
857
6445
-5018
8768
-5876
9147
-1934
-1013
-421
8034
6926
-7640
-449
1707
-7904
7266
2592
-3165
5825
275
9925
-1800
5831
504
-8249
1505
-7980
9890
-2923
-3576
4378
-1232
-2455
-9101
1409
8527
6864
-8172
-4572
-8233
-9713
4802
-7015
2205
7411
4802
3153
-7239
57
9503
6225
2926
7863
2915
-1270
7269
770
-7645
720
3431
-9630
-6722
-5169
-7576
5340
-988
-8181
1810
3665
-3602
8816
-6764
-8735
-8733
7044
-1598
693
9711
3824
6630
-7843
-9856
-805
1073
-405
-3719
1874
-4780
-1808
6357
8369
9103
9971
5192
811
3984
-9410
-8970
3716
7721
4459
-4416
5308
-5070
-9689
-1468
3355
2407
3699
-7768
-8985
2721
3296
-3658
-3522
5776
-8382
-9635
-2750
-6705
-8678
-4913
-2873
9443
-5079
8022
71
-2928
-6794
9580
5936
-5873
-7175
7328
1737
7574
2121
-2110
3748
6580
-9564
-2606
-4279
-5231
830
-3370
-7255
-5566
-9539
-559
-4422
6388
9747
-3504
5887
-6966
2081
2050
-3398
2265
-2423
1555
-1753
845
3134
-8443
2178
5690
-8904
8723
-4291
-4051
75
-6719
-5542
4718
1086
2804
-22
9548
-1895
7423
-7300
-9762
-642
2290
-5054
5413
-6627
-1531
-6134
-2985
6627
337
891
-4913
-5802
-4858
4907
8467
6856
-1406
-783
-7297
1545
-6944
2344
-2089
-3990
7630
3543
-7983
-2771
8843
1415
1283
6030
7429
-3880
8521
-4532
-3039
-4598
5055
4869
-8143
-4218
-4290
-8867
9570
-3471
-4532
-7605
1788
813
-5492
-956
-3711
3320
-4861
7501
-4264
-1772
-7497
-7486
-5437
-2545
-2012
-3588
4544
-2924
-785
-9275
6280
9065
-1004
-5697
3674
-2104
-1747
8192
6507
-2943
-8131
-2046
4612
5871
4859
-2927
-9128
4654
8473
-2481
-527
-7284
7769
7850
1819
1400
-4678
7071
-819
-1663
-2396
-888
5959
9775
-4283
-9318
-1940
-7464
-6631
7282
-6395
8401
-2366
-5315
1344
-2860
-5074
-9461
7000
9466
-9160
-5519
-8956
-2927
-8949
158
4684
-2298
5142
4691
3300
7821
-8734
5178
-4298
4816
4184
2534
-9279
-4033
-5689
760
2788
4373
-7150
7148
2579
-2779
-6194
3249
-5598
1012
-3800
-8821
-5774
618
4653
-9966
-9128
5979
-6951
1965
3455
120
-7813
416
-5759
-2166
1115
6570
-3425
4558
973
846
7232
866
8161
-4303
8797
3008
3435
343
5553
-1804
8462
8838
-5356
-5208
5213
4178
9994
4043
-6095
-1048
2115
-3717
-4315
242
-4248
-8231
8183
-8410
161
-8798
6673
3479
-4138
9489
485
-734
-2795
-2872
-1087
566
655
-4477
-1031
-8721
3079
9401
6071
-9559
9394
-6387
-5738
-4706
4245
1583
-6878
8874
6906
7042
8840
-1836
7343
-6262
-2245
5920
2629
3162
9425
95
-3192
-8221
1676
7528
9053
-7897
9957
-2
2952
9302
-113
4982
-5702
-6697
566
8297
2999
5444
-6372
-6407
-8357
-4094
8349
-4866
-6215
8139
7307
-185
-1089
-2525
-6533
-5399
5843
6917
370
-751
-802
-3291
2859
-7592
-9425
3465
-4266
-9047
3596
-4937
8523
-7173
-3124
-5715
6706
8603
4033
9123
-3983
-3819
4025
-840
4205
8769
5084
-2011
4009
2765
7819
7477
5013
6120
-8717
9444
8550
1071
2258
-7087
2282
5901
-2846
-1994
4295
5185
3936
2184
6930
-6983
7142
-4339
7527
-2538
-7552
-7980
-1454
8584
-1320
-1630
-304
1284
7573
9634
-6677
-4945
-6603
9267
9934
6535
1691
-257
3344
-2284
-3664
1194
6174
2938
-9437
-5255
-7678
1553
506
9033
3323
502
9900
1302
5184
-5938
692
-9178
1140
-699
9370
9345
-5262
3993
3077
8798
3149
3888
-106
-4572
-5502
-9984
-4300
423
4961
6471
-5038
-3959
-2471
2109
-9024
-6328
4715
-7281
-5557
-6827
-6150
-925
-2147
-3096
1601
2039
3250
-2276
7927
-1556
1501
6106
-3078
4158
-7458
-391
5310
8884
2707
-590
-7795
6326
-7349
2470
-7152
-6077
4967
6441
-8130
8998
-7487
9347
1095
153
-1899
-141
-8090
-8917
-4757
5815
9672
247
-1135
7860
6779
4303
-1253
6851
835
9174
-3322
-2264
2618
-3981
-5931
8688
6437
6211
-8927
-5679
5741
5713
247
-6829
-8343
3394
5958
8114
682
8708
1937
-9327
-6305
-9513
9747
-5134
-1821
7687
4168
9439
5417
-4060
-7790
9484
-3389
-808
9987
-9364
-6150
2192
5397
-568
-9136
7982
-6902
-8759
-581
-7531
9257
-7369
-8770
-4471
8690
-7353
-7723
-7166
-949
3536
5552
5337
3712
-5232
3334
388
-5853
4202
7706
2135
-5184
-4088
8102
-3132
-1661
-611
9045
-9013
-9933
673
3761
1824
-3357
-4420
9967
9098
1652
-8242
-856
-4139
-9039
4364
9202
-8956
1613
9562
9757
4025
3418
2206
-4850
-5094
-1919
5286
-8162
-5255
9321
2623
-3732
2440
8344
-8945
6291
-6938
-958
1170
7185
-7235
6575
-6544
-5278
-9547
-5676
8802
-46
-1000
-4722
8460
-4027
9999
-5652
1473
-5912
6858
-4996
7205
-4090
-2937
-7278
-99
-2978
106
5671
-6897
2399
3839
-5568
-7155
-4545
3019
-9105
9885
8612
6564
-2524
1861
3100
332
3792
-8004
125
-7679
7636
-4730
7729
8338
6231
2987
9359
1793
-1078
-3235
2247
-3377
-2574
3131
293
8487
-7376
-8844
-1949
-5232
-7845
-6734
6291
-4622
-9751
4770
-4957
953
-9602
-8082
4884
380
5477
-8025
3205
-1431
5422
7892
-8834
-1948
5747
-5516
3668
5006
6022
1956
-7086
-5931
-7103
1168
2819
-6899
-6364
-4178
1437
171
-8219
-3885
-8826
-9549
947
-3053
-4313
-5234
2883
2193
-331
-7503
9115
-7535
-5199
560
-2490
-9503
6761
6948
-7946
-2853
-5847
1818
-4058
929
3716
3170
-1450
7511
9544
-6279
8578
-208
-6039
-2305
-8286
-9718
7197
-7085
-8447
-225
-6717
1092
-4228
2848
-5072
1984
-3626
934
4894
-5160
6839
-1531
4133
4441
3927
664
-1226
-6037
3159
-1004
5579
3438
2030
-8087
-4846
6786
9139
-2350
3330
6341
-8904
1101
2805
-6017
6529
-445
5851
-603
1656
3932
7401
-1100
-9993
8479
-3448
-5442
-9686
-8588
6632
9191
6414
-9855
237
-1747
-6795
-8402
-3037
-8557
-5047
4104
-8724
291
4801
-7694
948
4685
2001
7230
3064
-7130
-2980
6519
-3541
-7872
-105
-5315
5615
566
-8745
-7692
6251
6504
-8505
8251
2607
3656
5064
-6846
-1773
-6310
-4221
5281
-8796
3756
-7781
548
884
2083
-8266
3690
2001
1248
-2370
9144
2307
-4285
8598
-5361
-607
-4380
3514
-6097
-8527
2355
2035
6994
-4148
-1154
269
-1710
254
9348
-1806
4415
-8504
5685
-6972
3304
2816
1430
4348
6050
8683
7980
7496
9517
-6681
-6351
2738
3034
733
8603
-487
-9874
7920
897
4989
6681
4733
-5036
-4482
9031
9899
6326
-592
-8089
4438
3050
7143
4998
-8858
8454
-1537
-9125
9831
-9745
-7530
-4175
6995
3237
-1529
1100
-1836
9036
-203
7455
-3776
3572
5256
-7047
8588
-5090
4855
8134
-827
2823
-9911
3160
4084
-6111
9903
7499
-6017
4927
-947
8862
8221
-3324
-9146
-7381
-9049
5421
6466
4604
-9312
-32
8369
-4161
1093
1024
-7601
-3213
4012
-7551
-2503
4298
1908
-7722
4271
-5343
-2142
69
2075
7193
-7294
-3245
5286
-9433
-1160
-1421
2185
9309
-71
-6377
-7528
9493
-8117
720
3136
8931
-6522
-2757
-7869
8791
-6127
-1801
-3820
-6203
7032
-1547
-6956
1751
4864
490
9365
8468
-6132
631
7915
-2775
-4583
51
-7246
-1747
6647
-9787
8997
3251
-9304
-2111
-9911
-954
5428
-7346
-3210
511
-3158
4357
782
9524
-8825
-8860
-3380
-8663
-1515
6185
-5135
-1112
-2864
88
4
7041
7457
6555
7111
-3255
-5367
-402
9959
9341
3077
7535
9598
-951
9492
-3945
-1941
809
4352
-2647
-8144
4930
-5558
6295
4861
5318
3716
5612
320
8872
4091
5636
1661
5614
-9579
-8444
-8954
-8573
6948
-523
-9210
6048
-5743
-4271
6503
3063
9742
6192
501
-1975
-2523
8281
-9270
-6201
822
5207
8979
-9269
-9789
8646
4655
3873
-1673
-9679
1544
7933
815
33
4330
-2842
5219
4826
-3139
-2564
-1325
7162
-1778
2902
-744
9174
2756
-4571
530
1748
6115
2161
6832
-3525
-8493
4015
579
1603
-4896
-9874
-552
7813
-656
2237
-4462
7602
4630
1133
-3727
3352
6942
7613
3237
7105
4669
-5742
5185
1507
4077
6625
5236
-2266
-2132
-600
4854
7031
-1582
-7575
9775
4880
-842
-2780
-1387
-7264
3162
3092
9901
-6927
705
-9084
-9982
9966
-6648
9522
3735
7433
8630
7111
4097
2795
-9787
3959
-3264
-9208
972
8025
-6779
-5039
2800
-5419
-8523
-8417
1243
1299
-7638
4306
-4790
3446
-5949
7909
7533
-8877
574
-2483
3878
2732
2575
9478
1412
7088
6616
6911
4736
127
5668
8898
-8169
-2840
1619
-7418
233
-7561
955
-4964
7793
8810
9049
6098
-1770
-1690
3851
3086
2350
871
-5596
-2421
-4619
-3329
8497
2290
2915
7530
212
-6399
-7007
250
3483
2669
6792
-4715
-4007
-6278
-4381
-1051
-8185
5871
5990
866
7270
6062
6582
7843
-3064
-852
4964
8428
420
-5541
-8416
3337
-3410
3840
1646
-6231
9588
-3977
250
558
-1044
-4333
-5179
-5850
5558
7045
-7869
233
-6369
6174
-135
3295
3968
851
-9454
-2044
8564
-7411
8842
-9198
882
7198
3097
-465
-8241
1383
-2646
7684
1990
-2875
5911
7794
-2788
5590
9023
8286
-2803
1933
2897
-8002
-5893
-7687
-271
-733
1547
4960
-5127
2860
-8630
-8137
-5797
4970
-1769
-3503
-6557
9015
-6512
9658
-3459
-5964
2042
-7358
-500
1206
9336
8999
1349
-8641
-878
8663
-3889
7988
5315
-7837
1856
9786
-9493
-8133
-959
1782
-9991
204
-784
5625
-1361
-2339
-9972
-536
5173
4139
-690
9782
4189
7839
-4331
-2876
1371
-7155
1947
5836
-9704
4359
-7523
6543
-9870
-228
-5385
7380
6885
-7862
-1271
-1392
1179
-7814
-7968
-132
7413
6839
-8693
-1941
8574
-2754
-632
8089
9317
-4138
4310
9581
-9510
-1256
5552
7946
2577
1226
-2544
8218
-5744
-5610
5764
-4382
8944
-2813
-4911
-6506
5848
-7743
-9395
680
1529
-5250
8069
-5966
2992
-8970
3541
-4590
-9924
109
7340
-7879
-6899
1318
-3773
8932
-9042
-7850
1600
-9092
-370
5955
-2019
-485
-4454
2183
-7163
-1434
-4792
719
9937
-6720
-6260
-8180
-4048
-7806
201
4991
-8161
-931
-9993
750
-2347
-2585
-7707
4320
-3800
-5861
6823
5120
8285
1727
-5230
5603
-866
-5771
-5130
965
-687
3419
-5540
-484
8416
-4850
809
-5642
1969
7319
-8957
-9531
-8486
5714
-292
4038
2779
-7037
-374
5721
-1530
-1398
-2802
165
-509
6171
9721
1993
-2712
4057
2337
5028
-9171
-7176
506
5954
4846
3788
8523
816
1174
136
-2014
-2036
-321
8567
-9210
2526
5367
5171
-7247
-8209
-2718
-9511
1251
-3138
3971
2021
3579
-3507
-2308
1982
5049
-5006
-8762
-1528
3587
-190
-5361
-7875
5923
2024
-1999
-7181
-9798
8353
8365
-9041
-5681
6368
3990
910
-3243
-7587
6888
750
-6919
-4846
-8144
-9045
9605
3834
-1424
-3588
-9209
-6372
-5956
-8897
-3627
5749
4899
-1048
8261
-3979
-2222
4781
-930
7244
-8756
-440
2863
30
3751
-4902
7411
-2450
-7988
-8765
-6576
1275
4600
4659
-4142
-7146
4478
409
1020
-3690
-133
4918
-8743
8442
-6396
-2004
-8427
-5528
-1734
-3192
-7771
5405
1210
-2715
-7559
-6351
2379
2235
-3861
-2856
-3920
392
6766
1612
-4649
-1486
-4350
6390
9379
2799
-130
-9455
4881
9478
-9968
-1517
-4057
2932
-4565
6607
3700
5554
4079
6080
5174
-5892
9787
-5056
2947
-6918
2313
-612
3469
-3525
-3836
2275
-1491
5024
-6329
-4754
-7529
-6540
77
-2669
-8523
4732
-8862
-8463
-3477
2501
-6225
-281
-6374
-1934
-9701
-9241
7454
5506
-8190
-554
1564
-1082
-8224
6578
-3944
1427
-4113
-3140
-8166
8280
9032
-6001
1256
-8131
-7917
1621
-1958
-1845
2155
7431
8477
7799
3759
-2180
-4061
-9725
8071
7853
-1143
3590
-1311
4655
3964
3367
6666
7676
-7120
3121
-244
-4753
2188
6532
149
1658
5118
1287
-3118
-649
-7013
3192
-4983
3275
-4547
-1175
7492
3765
-915
1523
-4816
9439
9861
-5680
2088
8948
-2409
-5450
7506
2329
8917
3270
8534
9228
-3217
1744
2199
-3447
-5959
127
4802
9222
-6517
-967
-7611
-9668
6638
-5159
-5079
551
-3961
9579
3604
4704
-4543
7737
-6795
2550
-4661
-2434
9968
-8521
3979
8068
5101
-2325
5398
2651
1719
5581
5616
2042
-775
-7647
-7675
9419
3080
6638
9266
4209
-1993
-8518
9594
-3453
-2149
-5009
9934
-5691
-4755
-215
5122
3258
-6278
5418
6970
6259
-5292
-3843
4464
5308
-5793
7996
3515
7414
3409
-1098
-8970
-2159
-9651
5460
3285
7644
4681
-5186
-1823
6706
-403
-1128
-2283
5141
-3634
-9863
3879
7528
3772
-6834
-8965
7244
-974
-9767
4971
-4054
653
-8587
-5538
8515
-4378
-555
-2127
-9312
4247
-1272
-4022
2433
-7953
-8640
-9035
7543
-1500
3857
-3377
4067
2785
-8730
3221
5176
6938
-7569
8945
5515
-8607
-6295
4706
-1750
9335
2095
-1300
-4822
4488
9339
-2043
-2705
1177
-5018
-2054
6963
-6058
-137
-8852
-2890
6250
-644
426
-2278
9924
-7867
8339
8446
5068
9055
-6879
3140
-8783
4685
8606
4160
7868
-9839
-4652
-3279
5421
-5340
7805
670
-8702
6516
-5642
-8300
-676
-4041
-2358
1998
1034
212
-717
865
-7546
9578
8537
7165
83
-1161
9249
5645
-2484
-113
-2293
8942
229
2156
-9454
4313
7374
-2796
7580
1574
9123
-2656
-1444
1048
5441
-4084
2677
3359
-1229
-1657
-6219
-4555
6061
-2248
5097
9414
-2648
-9546
-380
5125
2158
6236
-9284
-7578
-3600
9038
5233
-7905
5728
3771
9615
-4856
1906
8699
-2455
6646
-3688
-2585
-341
-2886
-9870
5870
-3901
787
3502
-8807
-4715
9830
8288
6922
1221
4383
6404
-8700
-1664
3342
2265
-9051
-4942
8806
-2141
7177
-7558
9791
-6841
4463
-6991
-3202
4373
6603
9614
6127
-873
-7908
1963
-5883
6588
2142
-8656
-3416
6704
-5031
9264
7597
-3009
6521
1460
5670
1886
7938
-9429
1004
-79
-7606
-8884
548
4638
6258
-8889
4072
9889
-8946
-3779
-8049
-6005
3558
-5349
5623
9144
6878
-3880
-5381
3739
5633
-9222
6090
-670
-7356
-439
-5636
-7850
6986
-4427
-5196
5274
911
9556
9582
-7225
-7862
6920
-5868
6969
6677
-6524
1859
2129
-4278
62
-6776
-2195
-7460
-1783
657
-6437
-1181
-9585
6836
-5839
-5827
7338
-5749
-1301
6886
9282
-9946
-3479
-2804
9313
-5615
-166
-5029
3307
5910
-1939
6553
369
9309
262
-9668
9981
-8395
-2607
7342
-9032
627
8831
7882
-783
3582
9295
6018
-266
4544
-9611
6192
-7809
-8328
9062
375
-3906
-3192
-5014
-8423
-5443
4868
-2460
-605
-3476
1261
-3397
4052
-593
-628
-8453
-1521
-3398
4715
-3939
-5583
2084
-2620
8469
-7850
-2829
7105
7296
-8822
5769
-2430
1350
-6031
-6763
-8935
4195
-3680
-5640
-8618
5514
-1004
-534
-5972
1404
5464
-3927
4563
6752
-828
-241
1569
8220
9662
4104
-5866
2975
-9724
-9381
3500
4852
-4487
6974
-9697
7176
-1326
848
6147
1960
3688
3188
-9177
6470
5783
3047
-63
4347
-8561
9441
9339
7963
-3895
9440
-6280
5070
-4797
7736
-4678
-7339
-9208
782
8327
-3898
-5497
7494
4
-4009
-2706
-6417
5130
-5751
3295
3386
5055
1733
-7789
-1857
1147
8503
-8426
9498
1373
-6609
-4972
3205
1928
884
-8273
-8474
61
-1079
4822
-7561
3330
2360
-7399
9330
6177
4470
4979
2277
-7225
7720
-8837
-576
4997
-9546
-9969
-634
-1365
454
-281
2808
-6780
-5396
9424
-3904
-9430
6370
-784
-7757
-4752
11
6207
1236
8647
6479
-9617
-9686
398
2091
-5369
6649
-149
-9633
1533
-7231
-624
-8231
2931
6797
-4117
3524
-9256
1528
-4388
-4341
-6114
5762
4135
-5424
3870
-621
867
5672
2077
3938
2723
-38
5465
-5154
-2115
-5025
8484
-3577
-2510
7894
5545
-5541
4622
-3792
4768
519
4746
-9844
8364
7659
7661
-9896
9218
5462
3414
-1736
-8308
5409
1807
-6639
-6247
-1578
2027
4765
6171
2201
-5135
8798
1289
1574
607
-2659
6554
12
-4664
-6261
201
-9896
-2706
5307
4156
976
8839
-1043
1861
1114
9281
-7784
-6187
-6960
-5239
9937
-6540
-4444
-7911
4891
-4122
-1273
-794
-9690
-281
6761
401
-6382
4450
2091
3577
1416
5242
-7434
7586
5888
-9677
6853
-2563
-2190
537
-6366
-183
8579
8308
4188
-734
-8975
8356
-8944
-2916
-4391
-9881
-2181
9168
4626
-7423
2672
-3049
-3472
5698
-7938
-3234
2194
-7002
8856
6768
-7671
-4986
2672
-7865
-2293
-8419
7849
3361
-9416
1582
-6436
3387
-8385
-3162
4942
6471
-4558
2219
331
1696
-9639
-9023
-3787
-9642
-9703
-9450
2095
6151
-8153
3941
7819
-4528
-6291
7828
5932
-240
7926
-3251
-6150
-5862
4931
905
-797
4582
-5472
-2472
-5967
2383
8385
9400
-3382
282
8679
-4080
-248
-3031
-4946
9369
-7833
8031
1537
-6191
-5746
-6615
-2316
6528
2225
3770
2137
-9318
-4260
5003
4185
-2630
-7212
4604
-3908
-3309
2723
-7637
1308
-9797
-1704
4919
6034
7549
5698
856
-1555
1594
-6573
-2797
6021
6564
-3180
-174
9895
-8357
3467
-8215
2107
3008
-1503
-7639
-2033
6970
3161
6940
-5116
-1838
5325
9596
-9208
-2648
-9615
182
425
-7815
-2649
-4781
-2085
-5074
-9735
7684
-2483
-7312
-4081
6359
-6658
-9739
-7819
6375
8151
-2811
-9602
-5998
305
-12
-3341
1280
-8036
-7515
1705
9549
-8727
-4890
9191
-6392
9384
-4726
-4618
-5980
2835
2121
517
5692
4635
-4669
5543
420
-1406
6061
-3748
4700
-921
-3388
8314
-8937
-5587
-4532
-3720
7215
5923
4545
-1890
-7215
2047
-8434
3523
-4481
4839
8898
9009
8621
-2122
-2375
-5157
-3865
-5238
9327
6232
3901
4120
-3272
6640
-4858
3360
-9858
7874
-1722
1929
-7042
4151
7004
8210
1551
-4128
1991
-4768
5879
-8488
7249
-8766
-3574
8761
-4248
5539
-6672
4237
9281
-7833
-3841
-8237
-449
1999
9542
-8498
-5777
-7563
-3570
690
-3148
-3966
-5604
540
7774
6221
-9022
9607
-8932
924
-8539
-8521
2128
8348
-6282
-3528
-3591
-1692
1852
-7559
1157
-7704
-9146
-3432
3186
-842
2024
9695
5625
-8291
-7156
-414
2588
2122
-3057
2534
-7424
-2709
-4116
-2750
-6092
7
-8389
-8580
5545
-4317
-2979
-7681
-2317
8333
243
-2507
-2022
-3708
-1664
-3853
-4795
3156
-8225
176
7725
-4610
-8671
-2043
-8604
8240
-485
485
-2257
2170
1581
-5163
8209
8016
-4099
5853
4995
-9864
-9627
3558
-1164
-7932
9488
-7874
3096
-9671
-2595
8789
-3011
-7213
-5856
-4876
-5483
5113
-4719
6988
2166
1387
7139
-3251
6988
-9819
8709
7266
-8449
-9084
9805
-5901
9928
7740
1726
-8252
6288
-8677
8545
-4896
8303
-6399
5559
720
-5873
7827
7382
4767
-8600
-5908
-7855
-881
270
518
-7451
5729
2755
-2521
2993
-3584
8025
5339
6870
8299
-3005
-3189
-7044
-4492
6810
6050
-8844
7793
-369
-924
4284
4452
-3975
7388
6585
-3308
8348
2639
-3783
-7742
-7579
423
-7996
-3399
-7074
4828
4652
-8984
2021
-9137
-9163
-3383
-5476
-6330
8086
-7681
-5353
7298
-6308
-8605
8392
-157
107
3633
209
-8876
-9228
6483
-7417
-1364
-1058
3555
2618
-4252
714
8535
5790
514
3427
5013
-2096
3022
-5724
-1409
-9277
-3968
-8643
-4260
2387
-7774
3837
-9535
-3265
3598
-8358
9532
8564
2505
-5145
-5213
4480
-8704
7287
9469
1731
-5810
-3527
2874
4854
8695
2350
4326
2712
4285
4435
7127
-1268
-3874
-3638
-6
4594
9811
4698
2334
2272
-3713
1360
7435
5748
-913
3112
7844
-6476
7488
3348
-9438
-6663
9623
-5081
547
-91
-2290
6105
5235
1726
-4983
3197
-2572
-7171
-7293
-1140
3921
-5063
8750
-3155
9018
3101
2542
-3259
2076
6115
5785
-1416
9123
-8416
1346
162
7133
4736
-5546
-6282
-9989
-7846
1263
718
2882
-8667
-643
7712
6890
8493
-6734
-365
-196
6927
-858
-7866
2280
2626
-870
-2604
3179
8909
4417
-9017
-9550
378
-2594
6798
-3697
-5465
-2151
7725
5004
-6217
-2210
1849
425
7390
1084
8235
-2666
486
-6203
-7849
-1918
1575
5846
-3316
-6908
-8099
-7015
1088
-4481
-9274
4884
4869
-310
-9985
-8116
-6230
191
-1511
-6503
6257
-1245
-6848
-2196
-8615
4489
-9249
-6540
607
-6687
6103
-6553
-2214
-1416
-6483
-2136
3450
-9743
5296
9987
5390
1830
9596
-3435
-60
8293
1807
7862
1941
-4912
-7668
-2129
-8760
-1716
-6929
-8507
4896
-1617
2514
2699
-1841
-4570
1480
-7622
-3343
8856
-583
821
8966
5052
7576
-6952
-4701
8465
126
2205
1272
-7018
2578
3745
662
-2905
-9561
-2285
-8394
5738
8673
7160
-538
-6981
-811
-4575
-5993
-6781
-8277
-9379
8744
3186
-2687
-8209
-1058
-9965
4491
-6912
9083
4389
-4948
-5098
-559
4608
8755
-4794
-4238
3090
6505
-1630
6438
4649
-2512
-8564
-7433
-1177
-8706
412
-4228
5692
-1130
6484
-5666
9798
8353
-5787
-825
7917
908
-1294
3686
-6747
4909
-4100
-7159
-7586
-9302
84
4529
-9930
3707
-643
5387
-2871
-8298
1249
-1076
7590
-9675
-4083
-758
1390
1564
6665
-5001
-7493
-2616
3010
-5545
-9490
6743
3894
-5386
-1290
7669
-674
2818
-2838
1630
5921
-3476
364
-9701
-5418
-7178
-7670
4298
1110
7993
909
5061
7210
-1722
6721
3580
-4849
9222
7369
-251
1810
-3507
6964
-4817
5241
-6746
-7122
-6171
-5861
-2379
-2103
2859
-559
7374
-76
8334
406
-4970
-9587
1294
-6002
7005
-474
-5876
7682
-692
455
314
-9517
-3293
-4864
-8637
-7639
-703
-3795
-5227
-8518
-6153
-9028
-2998
-5586
-4002
-7145
-3398
4988
7492
4266
-8267
9885
9646
5490
-3157
-5822
1354
5739
8412
4788
5930
4585
8036
3156
-7481
-7449
8194
-5785
-7913
3359
7172
-3706
-446
-8599
-7575
3284
-1061
-7542
-228
6917
840
-4644
469
5971
-7261
-5542
5666
-7121
8944
2157
6444
8540
2716
-3002
-1961
-6266
-1644
-3468
8499
6694
-4061
-6233
-2597
-9642
4373
4572
-10000
2776
9507
-3768
-8625
8947
3034
-9626
7058
460
6751
2378
-2452
-8819
-6411
9298
-8163
-8792
-5662
-4514
-6023
5180
-9819
9625
9773
2576
1716
-781
4577
1408
-6008
6454
-8461
641
-7125
-7764
-2828
2809
335
-1946
7097
5284
-8694
-3290
-2777
-4490
-2114
9860
2833
6028
-1941
-7381
9470
2951
-6344
5851
-4485
6280
-158
1054
2419
-3922
2302
6451
-4193
3334
-3098
-1476
8333
-6644
7610
910
-5426
-9196
-5108
-7717
6569
-448
-9645
-9366
5305
-8790
-998
-631
-1300
482
-6693
-7950
766
5051
3475
4742
4603
9399
-1492
-6954
-3349
5028
-8468
-2828
6137
-2633
-4396
957
-3331
7254
9942
8283
-4603
-6099
5123
1711
4944
-1869
-9448
-163
-774
-6345
1944
1339
6120
4863
-6498
-4981
6206
5986
-4299
4949
4979
3262
-1039
-2409
-5971
7781
5276
-2580
-717
-4260
5963
-6266
5339
1395
1263
2988
-4075
4858
5944
7342
832
-283
8240
-2476
-5986
-9656
-4023
7567
2174
-9242
-8905
-5446
2034
5833
3694
-2786
-4642
-7478
8707
1841
-6883
-9536
346
-7717
-6170
8610
255
1159
5900
-5542
2730
-5303
3930
568
1533
-3887
-1498
2171
-2776
-1883
4012
-712
-6469
1922
8384
-1021
-7530
-6212
-1896
-2398
6304
8439
-673
-2163
1587
-9496
-5100
3475
5808
2912
5257
7789
-8459
4730
-1019
2965
-8666
2087
429
2783
-1428
1918
8130
8203
7965
-2898
-5174
-2123
-1016
9454
2073
1385
71
-7791
8527
-6886
1115
1997
-8930
-371
-8470
7632
-7230
5623
7064
1768
-8482
4984
839
5777
-5894
3666
1342
5840
3353
-7593
1308
5060
-2058
-8619
7663
652
4696
4554
-9132
9445
986
8570
6705
-1907
1382
8122
3240
2058
-9719
7713
-333
4353
-4149
1011
-4897
-3687
-483
9193
9093
-623
7861
1296
712
-7501
3716
9173
8010
4716
-756
-9225
-8517
-8932
-2525
3851
-6068
5499
3361
-3574
-8166
-8617
-6110
9774
7976
-286
-7614
-4324
7244
8262
-6100
-6219
4729
-6792
-3953
8311
-2618
-5035
1097
-2297
-4282
-5573
-5496
9593
9494
2146
9349
-8228
-8613
-654
8858
3805
6920
3054
6263
6414
2999
-6995
-1676
-3881
1940
7479
5127
4377
-8939
6541
-7730
1959
-8618
6303
-6449
-4755
9503
7161
-6417
-9359
1923
-8009
-3726
2006
-6664
2899
2587
-501
-2218
7375
5745
1162
6811
3012
-4097
9147
-3776
1373
8131
-4365
2307
3871
-8668
-2951
8719
-8398
-6083
-7431
-2534
3130
-6417
9888
-2898
-1265
5407
4078
-3046
8527
8531
-4332
5357
4891
6727
5338
6482
684
-1788
9126
-2680
8941
-4436
4578
-7872
454
-6826
774
-4215
2667
7890
5367
-4182
1051
8901
2947
9159
4746
5895
-9547
4994
-182
9003
4741
-419
-7611
1319
7807
-2122
8916
-6301
-3955
8673
7060
2406
-1355
8382
-8746
990
7517
8215
-8484
3411
8742
-3128
3429
1133
-5189
639
-4759
5470
-6110
5653
-4722
9367
-7064
-6769
-6144
4191
-2374
-9631
386
6806
3103
-3538
-9959
1450
135
-1652
-1669
4399
-4133
-7814
-170
-7762
-5573
-5048
-476
651
1858
9681
-8366
6669
3252
5114
-7130
-6971
6124
-887
3026
-9335
-543
-5402
-7435
-5395
1296
-1245
9821
372
-4980
6430
6298
-6410
-9324
2508
-8289
-8228
-3257
9873
-76
7562
5245
-8739
-4475
-7465
-4511
4080
8988
9838
359
-1714
5432
2743
3603
-1811
-5670
-2512
7756
9691
-7769
-8194
6636
-5224
7830
-4073
5230
9094
6595
6473
-3721
-9432
2622
-658
-6656
-4723
-6812
-7449
-4485
1035
-7712
-93
-785
-6612
-4523
3640
-4002
3759
6047
-5775
1764
9679
9678
-8364
-438
-2790
7457
8146
-7084
-5821
-9389
4667
2829
8585
-2252
-3369
3226
1033
-2287
4234
-7009
-5408
395
-7560
-5008
-3180
-9821
-6495
-6187
1053
110
-1839
2860
-3875
7994
-4808
-8360
-8109
-1209
-296
3231
-5271
6921
-4169
5771
8999
4374
8305
7710
-3507
-1001
-5708
-1769
-6892
-5038
7722
-4140
1258
9571
3863
-2111
731
-6520
2342
-6236
-9734
1696
4567
7990
7578
4265
-5693
6580
-7695
-678
-1983
4973
3399
-9664
-7826
2590
-2799
9673
-3343
9438
-1303
9530
5734
-4430
-3090
1553
3982
-1672
-4812
-3064
-3919
-6409
2092
2618
-4984
-8399
-4868
9373
-5394
834
8471
-8836
-5423
-6371
-9785
4815
392
-7825
-3612
-1753
9745
456
6861
8697
-9994
9881
-2240
7442
3877
-3108
-8912
4518
-8466
-7792
1350
-74
-3851
-4278
1547
-403
-782
-2489
7788
2584
3770
-797
-8668
-9633
-3716
-4345
7002
-4658
4314
-1299
-6719
-6221
-8492
-7534
-4419
3160
-352
3963
-5069
2451
3436
9430
2503
-6888
-9895
5325
-4739
1859
7616
-8580
7886
8211
3471
-6848
1570
-9249
-1832
2083
6876
2098
-4218
-2586
221
-9961
6079
-7986
8855
-5537
-5312
4534
-8231
2136
5594
-4756
9382
-6304
8331
8999
819
-6360
9981
-5876
7030
7499
-4789
4360
3024
-3691
-4912
9664
9489
-1775
-9715
7070
-6344
-9739
1260
197
-1813
-5240
-3831
4503
1441
3803
6844
-904
-8642
-237
7697
-3889
-42
-1908
-1723
-6630
-7719
-6977
-9236
1565
7392
6293
-1715
-6207
6196
-4630
-3579
-254
3492
-3971
1306
-8264
-1858
703
4385
4367
7361
-4099
-4413
676
5431
5706
5972
1123
7434
-835
-9508
-2127
2670
-1786
3354
-7375
-8196
-7815
-2567
4296
325
8206
9145
2751
7911
-1720
-6561
9676
6901
-3051
2587
1732
-9050
-9896
-7267
3823
-4645
1492
-8620
-8072
8831
7946
-845
3748
6404
4763
-8440
7521
818
-4250
-8984
-4619
-1343
3464
2916
-8103
-266
3274
-6735
9296
-4710
-4989
4634
5498
125
-5150
-8263
-6591
-5976
2363
-5456
-6615
3961
-9031
2611
-5213
-5289
-8673
8745
1874
8957
6328
-9392
178
-8815
-5906
-8100
4852
-158
940
-9309
-7506
7963
-3804
-4551
-4007
-5313
5785
-3988
9418
852
-2547
-6545
-8613
8998
4745
4194
-6883
-3113
4359
9256
6053
2756
-3956
-3471
-4424
2089
1441
743
-7245
-2701
-6009
-469
7879
-6112
4735
3931
7576
-7013
-1461
7287
-7667
9654
-8484
-7376
7159
-3002
5484
657
7740
6185
-2336
9040
3381
-9594
-5328
1511
-191
-5801
7624
8284
-4163
8621
-5865
5449
7000
-5113
-114
-6253
-3067
-7784
-6413
9514
-1139
7028
5134
-2670
-7026
-7427
-9035
-2820
6580
-5932
-501
5729
7114
-2907
-5134
2339
-9461
-1834
-2090
3543
-6589
3853
-6207
3880
2974
2663
4614
-99
-3694
189
6135
9877
1841
1024
-7560
-6972
-2089
4220
3396
814
8216
4681
6746
6182
506
-8062
-9330
-4917
4754
9990
1630
-9498
3325
-1183
-178
8381
-4085
-7134
-1650
1659
-558
-372
6723
2354
-6239
6725
1896
3222
5019
4677
4646
4130
-524
1714
-8401
9855
-606
-2067
8926
4966
-2516
4338
3181
3653
-297
1390
-4323
1029
1509
-6422
6472
649
7485
-8048
551
-604
4747
-6166
-6002
5505
4769
4430
-5757
1896
-156
1566
-3267
5130
5689
-6109
-5635
7760
-4731
-1337
2100
-1041
-2562
3994
6815
-8358
-4043
7251
3335
4024
7953
-4810
-7238
-167
2540
4118
-9302
9579
5575
-4598
-8498
-4691
2299
7740
8674
3693
-1188
8009
8513
5349
-6006
9348
-2109
3333
5460
-9083
5022
-5343
7442
-4467
-853
-5281
-250
-8148
8306
-6494
-9292
-6035
464
-3548
4045
6080
2013
-1496
8711
5892
8115
-2358
1555
-5527
5819
-1805
-2986
-7050
-3425
7878
5580
-7974
-6132
184
5999
264
8352
-6323
-1144
-5726
9535
-1907
-9712
-143
-7179
8
-890
-1339
-2012
208
-5129
9458
2631
5378
-9613
93
-2329
-4637
7046
-2869
-8561
444
-5600
1782
7791
9737
-8986
-6704
-3255
8173
310
-3836
7269
5257
-993
9922
7281
3082
-1013
1546
7004
3575
4261
1153
-281
-3142
-718
-1697
-8708
-3751
-6220
-2315
-9702
-253
-7916
8473
-8928
-8655
8268
7312
48
5553
-3876
3214
2749
-5211
-1870
7858
5119
1966
5863
-9898
9281
-9285
4107
-7325
-744
-8789
3499
-2731
-9258
2529
-6933
-1465
-6315
924
6027
-7496
4660
-3464
4091
-1867
8051
4180
7270
-9597
-473
-1542
-9216
-491
-466
-4136
8676
-7215
4811
979
2351
491
7241
4595
116
7474
-9418
8310
-3734
-9911
-2878
-751
9890
-3392
579
-370
4926
2011
-1441
9990
3623
-8624
9824
9230
2785
-8968
-7509
3704
2050
9274
8035
3686
2522
8500
2989
7554
-657
-191
2265
8730
-4292
-4545
-2609
-9402
6504
5151
6185
7113
9712
8988
7714
5562
-5213
-8155
7722
8356
-2530
-3052
795
-1493
5267
-8437
-4642
-6550
-4732
-3928
3402
5977
8572
8237
-3528
-7366
-3728
-6803
-4031
-2236
-4273
4809
509
-3743
-2896
4308
2606
7619
3252
-2174
5838
-390
3495
-4682
-3006
-2549
6130
1079
328
7292
8673
9809
-7537
-5953
-2952
-5738
278
-7573
-4325
7117
755
7768
-6765
2189
6662
1700
3497
3412
-9738
-471
-8514
-7385
4854
-6039
6708
109
3398
355
-6708
-6447
-4453
8393
-3062
6817
-3703
7065
-7888
-7605
137
-7901
6054
-7570
387
6563
9944
-9926
-2613
3750
2998
-585
-3371
2482
-4996
7457
61
-7153
9978
9073
5274
7699
1664
-5254
-7482
1742
9206
-9434
-6381
-9023
-4518
-2607
-1941
3832
4770
8495
-4646
5573
-2080
3743
2100
-5983
-2890
1820
2045
-9284
6328
-9509
-822
-8506
719
-5110
-5137
-6633
-4372
8698
-9062
-2109
6142
2130
-8791
-5733
-1009
2413
-6467
-7349
-6085
8823
2839
9179
9168
-7739
4812
6300
5218
5624
-7861
-8430
3335
4133
41
-8946
-3375
2495
2229
-9964
-6292
-6946
-2563
-4140
-3943
5947
2409
8275
863
-7547
3823
-7072
-4025
2224
9758
-29
-8191
-3197
7146
-8225
5031
6655
-1876
1601
-7749
-4364
-366
6512
9734
-3127
-1658
-4928
-3725
-2875
6698
4129
-224
-5198
-6259
4104
-6712
-6685
-6716
1456
-9453
-1423
6605
-1358
3163
9019
2317
-957
4868
-6562
-5578
1170
7583
8656
4761
9268
4316
-5866
9065
-5718
2599
5375
3617
-1680
-4185
-7410
1052
8293
-9603
4648
2888
-366
-6570
410
9317
-5319
-1322
2537
1075
1388
4925
8760
8600
6274
6122
2930
-4324
-8874
5758
7195
2785
366
9524
7469
-7668
2765
-8819
-4437
4718
1181
-7344
-3994
537
8261
-7126
1732
-9508
4207
8712
5413
1795
8333
6114
6234
5973
9708
-3833
4707
4467
4666
11
-4935
-3774
232
-8015
5476
-8025
-4922
-9061
-6150
-3157
-6887
9557
275
-738
-3056
-4048
-8523
-4180
6671
6269
-4047
-4187
6243
6510
-6625
-2180
1905
3676
-9877
2968
391
5504
7571
-3308
-4225
2445
4234
-3680
-7509
9766
5096
3267
-344
3814
6765
3934
-7662
4651
-3758
-9885
-6899
-8255
-4678
935
3408
8324
9763
-2533
-6217
5369
2663
-1856
-8763
-7714
6404
4288
-8492
993
-5812
-1677
7232
-8331
9731
-9102
-7682
2726
-631
1569
1682
1510
2079
-5616
-7287
-1954
-1520
-3612
-5172
-4655
2542
4590
7925
-7481
-1756
7226
6952
-5698
5469
4426
7282
-9025
-4225
9052
-5600
-8243
-4216
-8134
-9143
8725
1193
2193
-476
-9157
4963
8224
-9676
-9363
-9349
-6644
4733
3424
-8358
6850
-2688
-7529
-6350
2271
-9407
-3383
731
-4725
-6764
1611
1181
-2883
3524
-1456
3333
-6733
47
-3956
-846
8680
3407
-5996
3201
374
-5838
-7937
-6071
-410
9788
2476
-9239
9624
7617
-7451
398
-3102
463
-863
-4851
8585
-4780
8633
-3851
3363
-7983
-8766
-5985
2034
-5137
-8305
-78
1000
-3320
9996
-8827
7318
2743
3207
-9582
-6786
4065
7426
6522
9328
404
6620
-9442
8572
2291
1379
7829
8011
-4408
-9811
167
2595
-7070
-9804
-5412
297
3705
9473
5228
-8743
4893
-3047
4615
234
-8850
9107
24
3072
1886
-4368
2216
4496
7177
-2141
3147
5790
7370
-2508
8549
-7623
5180
-8865
-2041
-395
-4818
4063
-5818
6324
2099
9896
6864
-8189
-1256
-339
5796
-1881
-4835
-777
4184
-9642
2775
7250
5584
9744
1988
1584
-1464
4464
1321
-5877
-1239
7596
9168
3345
-124
-3607
-9501
-4824
-292
830
-3910
7182
-6899
-631
-9266
1107
7133
4314
-7532
3193
-1084
-4893
3254
7090
-501
-6159
-9533
-5511
9382
-494
-7952
-2024
-1556
5181
4223
5945
656
5991
4687
4744
-501
-9071
7163
-8285
-4059
8854
8677
2199
-7104
4522
9549
7279
-5017
-2301
-7616
7832
7480
658
4406
-2146
1536
5122
-8596
-713
-8201
4749
5383
-8984
-6544
-1227
2555
9481
1726
5741
-7609
8372
8194
1649
768
-9214
-5392
-5831
6368
2670
7855
-3203
5427
-2107
628
3703
502
-3504
-1435
8979
-4936
7001
8504
5883
-9485
144
8375
-7876
-8587
-9011
-2192
6590
7991
8540
-850
672
-7099
4070
1410
-411
4014
-528
3990
3827
2549
7812
8371
1665
9704
9825
3579
5155
-4746
9634
593
-4682
7868
-9771
-3816
9044
-3354
1550
6073
5059
5314
-293
-1040
-4250
-1674
-6977
3356
-2706
-8428
9663
8999
-8716
-9884
9291
5174
-4184
-1729
-2496
2457
2002
8659
2481
9279
-2747
8391
-1092
-9066
5671
-1203
-9646
2448
8090
-8542
-4989
609
-9417
-8331
-4690
4492
7074
-3495
8964
-2914
166
-9527
190
-369
-5269
-5286
-8293
873
-2231
8072
-2077
-5140
-9107
9298
-2206
498
-1690
5709
-3804
4988
7141
-5329
-7183
-9847
9561
8839
1115
-9430
3360
3531
-2146
1353
-7180
-2187
8555
8688
-7489
-6367
-5810
-4134
6282
-2117
-2611
5535
4652
3942
-9444
-3455
2236
5481
-5815
4394
-3156
-8289
9631
8034
2427
-8235
-405
-6398
-5127
-9462
