672
707
929
-213
825
366
-791
-644
-69
909
539
-306
-78
-500
-370
-688
228
21
-448
955
-793
585
857
237
73
-444
888
911
278
298
188
101
-880
211
653
-988
443
481
-469
-108
-556
497
-264
601
765
248
954
114
360
-823
-403
-660
975
-532
-705
-127
-473
-524
-570
-791
-68
-109
22
-526
-631
14
184
958
431
318
165
-557
127
-239
331
323
-953
-803
-884
-785
-187
-129
841
-730
-497
438
-948
708
-933
252
2
519
193
-405
887
-774
440
-122
-182
-238
-380
-606
100
275
677
-743
180
564
432
432
-841
-101
-499
420
544
-92
-614
-983
-214
33
-700
439
-565
-540
628
789
883
927
717
-143
-157
-89
881
-497
853
-447
-786
-439
-395
-995
-899
-133
-154
89
-265
436
-38
-487
-531
-728
579
-343
-237
-59
-530
-328
538
-893
-701
407
-995
-480
-562
-245
-909
586
388
849
459
409
-522
-674
57
-556
-482
284
-331
-347
-527
-619
-913
-405
918
-786
-405
919
-27
45
911
-996
-751
-453
486
27
395
-393
-485
697
757
906
-353
479
-53
-700
310
242
549
942
-601
279
-730
-933
536
-735
142
-658
764
-159
-992
-390
921
770
714
-460
-337
-439
238
383
-284
531
-292
-852
468
588
-542
308
-57
538
-502
-228
-194
-138
22
778
-440
41
392
-940
-794
234
-84
194
-111
-174
-127
-492
-481
831
72
26
-101
666
716
385
186
149
-693
-73
-934
-679
-219
375
686
760
571
955
-883
684
720
357
22
779
-104
825
-88
265
-593
256
-305
-707
-31
-404
104
830
495
305
-107
-111
-18
866
383
-608
-579
-268
-230
-141
564
-63
-922
-695
-992
-570
-997
-902
847
-432
-133
430
524
445
360
-647
98
-615
-539
252
829
-963
298
568
556
-279
-271
-529
-393
623
947
-517
-653
371
906
382
331
-863
930
-245
-531
483
-792
-645
309
-792
-159
381
337
-853
-758
217
406
-662
-319
-469
767
329
466
-601
624
886
482
430
49
39
-78
-732
-296
-523
-425
-251
71
890
833
-76
147
372
-493
355
-628
629
-93
-587
-71
484
-735
-509
882
367
-657
-133
-228
-24
-335
-878
-297
-708
691
-517
-689
622
58
-357
367
-844
551
-29
527
140
798
302
-436
387
930
910
-396
93
63
-298
-42
-294
-165
-117
195
-361
805
429
-158
744
292
-391
-226
-541
812
-196
-925
348
-371
852
-283
-857
909
-310
480
-925
-392
-681
429
13
519
559
-963
821
561
-208
94
-143
613
699
-536
-710
335
-962
763
-15
-326
-881
-190
-302
-88
-318
83
-153
-486
908
-830
932
109
-643
689
-59
278
968
-685
872
-906
-588
-902
-706
-977
-724
360
487
