-979
-385
-247
276
404
41
-42
948
-104
15
661
488
653
-776
-64
-787
-459
-13
11
773
-160
431
425
537
-932
662
-123
283
122
248
-958
117
907
-179
-887
803
-316
-782
943
406
-652
-933
584
-462
-81
43
-368
-589
-177
419
-852
179
-913
76
-672
-673
673
-716
-27
-898
179
-653
74
87
-950
-269
-245
334
-592
113
-283
403
-966
-520
123
-546
347
509
521
880
-160
-749
167
-529
772
549
-279
-293
739
-905
-235
48
-927
-306
859
-605
146
-476
571
263
-91
-98
-75
-807
-459
-322
-666
-425
-834
-210
-531
-427
929
-175
726
702
-229
-516
-880
-322
41
444
-619
-372
-849
-845
533
233
780
173
886
575
210
291
-565
683
-514
-735
-715
-961
-729
177
-931
-295
53
745
340
-841
599
210
193
-728
788
997
72
11
-955
582
116
843
-602
487
-105
141
812
619
272
414
-557
-201
752
-221
-961
405
-192
235
-521
106
-306
278
949
721
-95
-996
147
370
-66
11
496
44
634
-88
939
97
938
586
635
647
-865
-806
775
797
237
605
-133
-136
-512
470
-639
-303
558
491
-816
-969
314
-925
247
669
-984
959
-282
812
-755
337
265
935
-476
-386
-650
923
-994
146
-320
-982
-921
-565
414
59
604
-334
-221
87
-971
537
-911
535
-425
766
880
-164
439
122
500
-750
-963
-443
-596
-600
-783
173
-706
-10
896
-122
-727
506
375
-113
279
-670
169
642
41
-930
804
963
-466
-812
-734
-994
287
25
734
642
-781
-918
170
-214
-894
-210
-337
983
138
-508
528
403
243
-317
274
-441
-275
510
-424
-920
916
604
113
281
504
752
-186
68
815
414
-768
-311
-829
-640
-180
-249
622
-696
-972
-311
-190
792
-904
-537
563
838
799
801
707
908
597
-507
-127
747
-421
998
945
404
-778
549
77
791
-200
-121
68
242
-906
-888
51
-28
-140
293
923
-404
-174
-400
-736
758
141
770
-360
480
-969
841
235
351
-86
-419
452
-616
653
90
459
-623
604
-991
215
931
-365
287
-19
-589
-954
657
-848
-244
131
349
-1000
-739
-379
302
851
-813
-312
894
532
-986
177
-749
157
-392
927
-517
944
-447
108
684
302
-109
-437
-630
-305
775
900
-792
741
-605
-732
951
536
-698
894
-655
997
929
961
513
898
253
-449
-921
796
675
-737
276
605
-791
-256
-339
738
-415
-199
-975
981
558
-694
244
-295
-624
245
-141
-61
397
-682
-623
-868
-932
-988
-384
125
154
345
-339
-423
-880
791
-573
-624
-539
99
-824
716
-354
445
514
562
539
-622
-847
574
151
-614
236
-938
519
919
-732
758
-256
766
-525
463
-682
33
863
376
435
766
592
474
-857
-471
961
-965
-244
49
-660
351
-314
35
429
898
-65
67
474
-384
137
-936
421
-711
-958
-1000
-191
409
61
439
-92
-206
165
585
272
800
253
165
331
286
-725
795
-992
888
-166
879
-397
789
86
-691
-946
-284
734
-999
-911
561
870
863
-276
308
-686
661
-227
-791
-988
-303
827
-709
881
349
-957
-382
-66
249
-151
252
615
972
403
617
57
-490
-203
-240
-691
252
118
693
-804
-665
363
880
471
532
-232
-662
-439
917
-315
-784
-276
-717
820
106
-960
-719
-788
598
-851
504
620
308
893
-348
590
211
-465
632
-195
103
-644
456
-365
451
-586
98
-948
-275
349
-867
-105
-737
142
42
-737
18
-317
-403
-710
-337
349
154
950
-200
396
790
-998
158
395
268
-124
53
-800
-657
810
-293
130
591
-866
86
-167
436
-195
634
-26
-284
800
-999
278
627
-261
-375
-360
349
937
364
874
-988
-686
316
420
359
-192
545
176
124
755
-26
863
-754
-976
758
-185
103
-640
-954
-698
351
-681
39
-791
-676
108
-610
821
-483
812
-18
73
869
156
954
-708
-216
-90
804
-441
510
82
202
707
612
77
729
178
54
-713
-344
673
-622
-530
-467
666
654
792
-858
11
-271
-444
-695
12
804
-722
-307
14
-148
370
354
786
351
-149
611
-98
698
978
715
-233
776
-825
234
135
-117
-683
-798
227
-60
-483
-686
-641
812
-154
482
1
201
-791
-609
579
274
-79
367
-157
991
881
799
-955
964
337
151
156
292
-786
-155
902
-500
560
-534
-724
-46
-708
-742
348
-352
427
-93
-70
359
712
422
37
-141
-616
-453
775
745
-492
-295
798
-322
-936
-13
456
514
556
723
-267
693
-280
901
806
207
129
-340
-815
-71
-637
49
-432
159
729
-803
-277
-684
115
455
-777
600
-971
-711
281
153
-586
-61
-455
-177
-609
985
-801
783
-247
368
-917
-246
91
-885
-903
-4
-822
758
-413
440
-810
-808
944
611
915
-850
-725
-965
675
-717
755
-888
-610
809
575
899
-709
-384
-54
-823
-797
-112
-375
143
562
778
-533
-602
-764
-455
-394
-248
729
931
890
-947
768
774
947
-237
-134
895
-872
-18
10
702
614
-536
606
768
743
-563
792
589
-775
-48
966
-886
88
-829
-599
-722
182
648
-1
-5
433
-224
-225
-939
599
771
-500
-162
204
-9
294
342
939
424
89
-894
-884
-701
-573
-950
640
640
-825
-273
-814
508
-830
-380
-415
415
719
-882
188
-576
992
799
71
-949
560
-189
304
-245
970
-804
-12
-836
328
886
911
-698
-648
-159
-209
847
-508
494
249
717
-884
-814
-140
-472
407
