3200
-233
333
32005
650
0
5
-152352353
351937159
-3829042
239
333
0
9220000
32111
1333
11
5
650
100
50005000
11
3200
564000
1010101010
2333
-233
-843926
92371
0
-5429149
-152352353
471897
50005000
564000
11
5
650
100
351937159
-3829042
239
92371
92371
0
-152352353
0
13 
5415 
36 
7 
277 
2 
72 
75 
74 
869 
1 
5 
043490 
82 
358 
53058 
308 
0 
830 
8308
20858 
86 
46 
346462 
5 
65 
63656 
6 
636 
65626 
56326 
0
1010101010
2333
-233
-843926
92371
-152352353
351937159
-3829042
239
-152352353
471897
50005000
564000
11
2333
-233
-843926
92371
0
277 
2 
72 
75 
74 
869 
1 
5 
043490 
82 
358 
53058 
308
7 
277 
2 
72 
75 
74 
869 
1 
5 
043490 
82 
358 
5305
34
6467
2626
6356
8681
636
25773
2167
79373
16883
50
50433
67
79373
16883
50
50433
74 
869 
1 
5 
043490 
82
50005000
564000
11
2333
-233
-843926
92371
6467
2626
6356
8681
636
25773
2167
79373