55538540
55403782
57153304
199984
86030736
36250225
4256605
93457784
7236762
96215700
10662975
73519518
66523124
68117374
63088289
58783994
14340838
46092512
887763
72915601
72815072
63103156
63969812
42258179
22587897
70944827
84353110
73803216
28179943
50282041
23375728
63831160
79186746
92911974
51208857
38953214
47456903
29336492
28272270
58257187
76919815
40202184
3087231
55963090
37511806
95208142
38052643
37715334
9594371
31317728
99007661
73647875
88490370
87839878
52895967
41561771
78017786
15027867
12372318
96463161
51444332
32461634
87478107
32086528
16485872
3254766
8224542
10226340
94174268
25032425
30842567
1124285
24892220
23538309
42416368
91763665
29062290
27340607
52941472
13621721
6596203
46112629
12983772
47026085
71259739
54913741
47300073
3016686
65643349
45915176
82560680
86256508
92458318
89132958
63455533
80039958
41218716
62286555
419286
95394417
55509268
47259214
25702252
27015915
66352649
1614023
83731352
87668914
99801674
12451032
40185200
94612367
12127462
1454346
23101936
82441278
48262290
76978504
55474202
78119744
67984557
27607364
52425075
61170067
46743593
55623667
44352667
93398493
44904120
63257592
1243801
8498010
33271788
84257929
35441506
35501747
93318553
6916441
72838170
74536524
65954324
74772216
77636259
71540147
12160181
94243456
46813926
38478431
35642014
90361053
42269764
78157770
84911813
81379055
82791283
29465487
43555470
37658837
46791360
11462895
86813228
13304546
8778918
94890004
73944840
51232660
8777922
45160134
10491301
35872310
11127922
18933205
95475074
61157418
65217024
56340760
99625314
18298547
50841039
30692790
6223616
71845827
79663208
75123347
84937435
8740652
20127025
74742628
52440514
6083518
259432
99560370
40956728
39317095
63358374
18564717
79211394
1023419
76053201
56341254
94923434
79123766
79769741
89889364
37440570
89404229
43685804
26182742
31814709
49061922
44116651
7074551
31997967
2236148
98760747
48466538
89375305
26561694
39188113
21633729
83581202
33738914
41625600
77040126
46225180
54991173
19429025
40483010
38106030
52615645
85238513
4496796
62013457
30170705
1342
84042582
28074302
75675895
21121811
78633071
83991402
19862912
33585704
37075994
70533655
91777692
14878114
66710979
22670715
83386913
24230829
78768438
66565128
84102066
13604010
54651751
2014677
79965577
19107438
44700725
1212122
12837444
57127794
3942389
774235
29347587
10434554
85580629
79871210
61171035
11365315
26607600
32244427
98336731
99763319
1312691
53667368
28628233
83521143
61734267
8546579
36009912
79611422
58169496
29976236
49232221
37175921
12240003
6312450
17920226
38516155
88520075
42216147
40082262
22928457
32725074
35048265
5337862
20685289
25212964
76685252
64427375
23940085
58190039
31337592
39349323
13450806
30329322
38174470
73952253
12327660
3945454
43540592
52039271
67867350
46844933
44503046
3521538
64101890
38164455
2313254
66528085
42837987
53753989
48061570
38132601
78021904
82686044
27077979
69956455
88804158
26606662
9239005
63861416
84301454
12216295
13666600
43309253
64478029
94620461
67873973
58217904
75550662
98587480
58726205
90904076
91064697
70128661
63202055
66221381
93212048
57040707
30941199
49247687
31146061
67049846
11411145
49410639
40393812
39281283
96521999
88780721
17598531
13208296
72925044
91210611
68067184
98393857
86938460
71806938
83562172
87534281
64834122
12188233
79979776
7063813
80541886
87539108
27447689
62403337
74207028
82602869
14809610
59867857
7585533
18069830
27055360
84380629
21770980
71819871
57318087
12053584
97054726
55154575
6364391
34881325
21578755
16329960
93150026
45224195
89307450
74829309
37398407
85185340
70333539
75602057
86612134
50915143
89884424
99930355
5969758
73978160
76188572
59304889
44160264
76195427
13134822
1839616
86420355
34196001
56706801
60448231
49834935
51357932
48563067
30050032
82912010
94674420
56490712
35641256
97769637
55407755
7119235
32605160
73995147
92660723
96915613
41725808
70609367
64977417
94274542
32927697
43575074
55778261
62307037
69743131
14371235
11397622
40534598
81254891
38668989
4394387
59806208
14942585
13199019
36416658
44516333
50138640
89114893
74499864
46901826
64071268
76434820
87661335
38540095
97723531
46203120
6857480
32874609
2277704
44754278
24215965
51707322
47672386
18182523
93240226
33179119
7878925
26982181
85981151
90576219
88612372
65282685
7710824
56497065
78058370
50989505
82997446
19772353
47382214
81095748
92530422
85618470
72538622
28200927
59724159
81227005
24836713
54970893
77684458
1270210
42654686
59961662
56615811
22599011
74574714
91300969
74754046
90191199
39525094
23306098
3655571
2874138
41461248
28770044
39314098
1568481
35014813
41283628
10629191
48708378
76062120
21660903
89944783
79927645
25732890
45909591
60148232
99365182
21378960
42316893
59131574
94972592
84604885
62618847
53462336
58183677
33556746
18863555
86913705
45102002
53742258
16624754
48499902
55741528
9010955
48714473
48671176
75552169
18128487
69928764
42431777
94124190
59355758
40160121
61080572
40093103
31971048
50428464
81351097
27767222
53584898
62361199
50761549
44566930
35379600
52325710
26033756
74306622
59392876
87510454
91143256
12706820
43604383
14559575
20008409
43291978
13192509
26192796
36223465
56917016
3438182
43760811
318562
64004111
93110410
5721465
4027496
8042651
93039923
35495878
61628820
23156896
5546286
46187492
85942038
39839347
79794315
8503542
77570734
30863267
55213141
71098177
33033506
949909
16828771
31001153
62737834
83478613
69518250
42407852
44679992
59613968
16336029
63879769
33231817
27171867
8479559
68316297
27985533
67810660
75567254
59326003
17331886
34786873
13241798
19580557
32193256
47730855
80250287
17571786
42544788
1197313
49467798
97503350
38596041
90025691
80286380
21073977
82742422
55403116
2419918
42090498
38381540
79549547
61186982
15938058
2759567
27102995
76680991
92827396
74895724
72474202
14532990
2270509
88341313
54232614
11814330
89404615
28539455
52825844
15895469
69107083
81571945
46611179
47172526
94274310
22632766
12845759
17245676
81678424
66763981
50190498
41188407
89223778
93208337
49544124
2868196
46956440
77229497
28891901
76004997
14837927
62319965
74626954
48211854
88096124
31395024
23328958
72678685
93004540
91053650
30996688
10849621
82985670
30822778
50183687
56266278
61343508
77301903
21760404
61249610
16336512
14180413
92462396
9366644
81911007
65221733
77104879
67247276
69892829
67885326
44353716
85273117
17781239
47862875
82355791
39004985
45476024
94941309
85412582
12534405
27481559
59295252
59113864
81320777
7773925
3898793
50129255
60288004
31159754
99512773
58911711
75679433
84374999
57156324
19041290
33910355
51345285
77049919
22390537
95756112
63867503
41915842
64996449
84235008
21337484
50756329
21768297
16655273
28004383
22507778
590320
37176310
52534
15717206
50297217
46976693
6585580
13203111
89874666
39936778
12079662
23771282
36978848
44234657
4890785
43359555
41328732
20203414
90646111
73635432
74349187
31456123
26716380
89726640
94658359
57963188
48931166
11370920
55485658
3111736
30513836
78915034
90027047
59441123
76311108
87455326
47367145
63404974
48268748
17018848
60977997
5819508
98492362
4944283
46933010
36201432
8222787
68818746
73957010
91417666
37378308
22045454
52023075
49664492
36882771
65371455
67925476
83546708
52176552
85740225
71377254
47260648
98386260
75276167
40375641
49702249
3667678
84057376
71164315
5580938
95151293
33025949
33092465
22593430
55560460
19105962
32264018
15598354
45048256
50762890
28609512
15970253
28001604
99671918
5456045
43384277
59889717
24728960
49782814
14138038
6337267
94683762
10686444
32419839
48863511
72126730
81147845
34722972
10325938
74617118
13922571
18655862
47641439
38203393
75651286
5259728
46768397
849673
71272966
79615637
58836873
28051431
48892943
77936328
12181876
38741769
94744933
81820740
55858955
83886588
53229579
78158617
70496139
12145737
46258976
45212880
78064829
30934115
76807765
70299815
46312264
13111989
22924090
39411869
14792009
86236522
66501687
8847087
17783400
99408264
40260342
67511946
806415
24918419
5394897
72943819
9451891
81999161
66484873
59387352
33321742
36852673
4563198
72871365
18460849
47542582
47586434
59348569
98476862
94129768
58765241
78910831
58206380
71975947
19377808
17783801
78994245
11871832
17733710
26228191
15110912
92919462
18879569
36918658
38892309
11877421
69859965
79432506
25134473
32968498
65873399
11343826
13355478
37583563
87110795
59982571
37636001
92412679
94830995
48777977
99914612
32644205
36789386
19672784
66070250
65694173
22957897
85932607
59462547
64085613
93466025
41676799
59622999
90023114
71788835
62610241
69200684
34301613
61168533
96721336
83774664
26712632
98889962
1093895
95721089
85666798
60864074
61811036
26083731
81041096
46676540
52042561
42424881
69450114
92669421
92024567
41454304
52495698
82694936
4221573
45375002
35851068
27434587
19252772
13292317
17295895
4775748
97466165
62105483
35152485
18175994
46511540
2899532
24103885
49565170
47869801
49595454
58505415
